{
 "cells": [
  {
   "cell_type": "code",
   "execution_count": 1,
   "metadata": {},
   "outputs": [],
   "source": [
    "%matplotlib notebook\n",
    "\n",
    "import multiprocessing\n",
    "import numpy as np\n",
    "\n",
    "import sklearn.model_selection\n",
    "\n",
    "from recova.clustering import IdentityClusteringAlgorithm\n",
    "from recova.covariance import CensiCovarianceComputationAlgorithm, SamplingCovarianceComputationAlgorithm\n",
    "from recova.registration_result_database import RegistrationPairDatabase\n",
    "from recova.util import kullback_leibler, bat_distance"
   ]
  },
  {
   "cell_type": "markdown",
   "metadata": {},
   "source": [
    "# Split into training and validation dataset"
   ]
  },
  {
   "cell_type": "code",
   "execution_count": 2,
   "metadata": {
    "collapsed": true
   },
   "outputs": [],
   "source": [
    "db = RegistrationPairDatabase('/home/dlandry/dataset/normal-estimates/')\n",
    "pairs = db.registration_pairs()\n",
    "\n",
    "pairs_training, pairs_validation = sklearn.model_selection.train_test_split(pairs, test_size=0.3)"
   ]
  },
  {
   "cell_type": "markdown",
   "metadata": {},
   "source": [
    "# Reference covariances of validation"
   ]
  },
  {
   "cell_type": "code",
   "execution_count": 3,
   "metadata": {
    "scrolled": true
   },
   "outputs": [],
   "source": [
    "clustering_algo = IdentityClusteringAlgorithm()\n",
    "reference_algo = SamplingCovarianceComputationAlgorithm(clustering_algo)\n",
    "\n",
    "with multiprocessing.Pool(7) as pool:\n",
    "    reference_covariances = pool.map(reference_algo.compute, pairs_validation)"
   ]
  },
  {
   "cell_type": "code",
   "execution_count": 4,
   "metadata": {
    "collapsed": true
   },
   "outputs": [],
   "source": [
    "reference_covariances = np.array(reference_covariances)"
   ]
  },
  {
   "cell_type": "markdown",
   "metadata": {},
   "source": [
    "# Compute Censi covariances"
   ]
  },
  {
   "cell_type": "code",
   "execution_count": 5,
   "metadata": {
    "scrolled": true
   },
   "outputs": [
    {
     "name": "stderr",
     "output_type": "stream",
     "text": [
      "censi_estimate -reading /home/dlandry/dataset/normal-estimates/hauptgebaude-22-21/reading.pcd -reference /home/dlandry/dataset/normal-estimates/hauptgebaude-22-21/reference.pcd -ground_truth '[[0.9993835465584582, 0.034589299695208034, 0.005804517967634852, 0.7332930716397765], [-0.03458462375581589, 0.9994004408640366, -0.001063007347316315, 0.007106754931644144], [-0.005837992457469581, 0.0008616924849857932, 0.9999816150373283, 0.01510346688920472], [0.0, 0.0, 0.0, 1.0]]' -config '{errorMinimizer: PointToPlaneWithCovErrorMinimizer, inspector: NullInspector, logger: NullLogger,\n",
      "  matcher: {KDTreeMatcher: {knn: 3}}, outlierFilters: [{TrimmedDistOutlierFilter: {\n",
      "        ratio: 0.7}}], readingDataPointsFilters: [{SurfaceNormalDataPointsFilter: {\n",
      "        keepDensities: 1, knn: 20}}, {MaxDensityDataPointsFilter: {maxDensity: 50000}},\n",
      "    {RandomSamplingDataPointsFilter: {prob: 0.75}}], referenceDataPointsFilters: [\n",
      "    {SurfaceNormalDataPointsFilter: {keepDensities: 1, knn: 20}}, {MaxDensityDataPointsFilter: {\n",
      "        maxDensity: 50000}}], transformationCheckers: [{CounterTransformationChecker: {\n",
      "        maxIterationCount: 40}}, DifferentialTransformationChecker]}\n",
      "'\n",
      "censi_estimate -reading /home/dlandry/dataset/normal-estimates/apartment-19-17/reading.pcd -reference /home/dlandry/dataset/normal-estimates/apartment-19-17/reference.pcd -ground_truth '[[0.5327003203063614, 0.8463051003626901, -0.0016669995519367508, 1.0500659223819382], [-0.8461965495858607, 0.5325989844998276, -0.016991447709641044, -0.06621311946628339], [-0.013490460306679128, 0.01046069962973013, 0.9998540546720209, 0.013242537212794954], [0.0, 0.0, 0.0, 1.0]]' -config '{errorMinimizer: PointToPlaneWithCovErrorMinimizer, inspector: NullInspector, logger: NullLogger,\n",
      "  matcher: {KDTreeMatcher: {knn: 3}}, outlierFilters: [{TrimmedDistOutlierFilter: {\n",
      "        ratio: 0.7}}], readingDataPointsFilters: [{SurfaceNormalDataPointsFilter: {\n",
      "        keepDensities: 1, knn: 20}}, {MaxDensityDataPointsFilter: {maxDensity: 50000}},\n",
      "    {RandomSamplingDataPointsFilter: {prob: 0.75}}], referenceDataPointsFilters: [\n",
      "    {SurfaceNormalDataPointsFilter: {keepDensities: 1, knn: 20}}, {MaxDensityDataPointsFilter: {\n",
      "        maxDensity: 50000}}], transformationCheckers: [{CounterTransformationChecker: {\n",
      "        maxIterationCount: 40}}, DifferentialTransformationChecker]}\n",
      "'\n",
      "censi_estimate -reading /home/dlandry/dataset/normal-estimates/apartment-29-26/reading.pcd -reference /home/dlandry/dataset/normal-estimates/apartment-29-26/reference.pcd -ground_truth '[[0.869627359623026, 0.4937046212119375, -0.0018413275307389003, 1.5527078725720274], [-0.4937058293457045, 0.8696104935908542, -0.005477841576982896, 0.6181856016536824], [-0.0011034191959444469, 0.005671806399953762, 0.9999840605799755, 0.02157634833739438], [0.0, 0.0, 0.0, 1.0]]' -config '{errorMinimizer: PointToPlaneWithCovErrorMinimizer, inspector: NullInspector, logger: NullLogger,\n",
      "  matcher: {KDTreeMatcher: {knn: 3}}, outlierFilters: [{TrimmedDistOutlierFilter: {\n",
      "        ratio: 0.7}}], readingDataPointsFilters: [{SurfaceNormalDataPointsFilter: {\n",
      "        keepDensities: 1, knn: 20}}, {MaxDensityDataPointsFilter: {maxDensity: 50000}},\n",
      "    {RandomSamplingDataPointsFilter: {prob: 0.75}}], referenceDataPointsFilters: [\n",
      "    {SurfaceNormalDataPointsFilter: {keepDensities: 1, knn: 20}}, {MaxDensityDataPointsFilter: {\n",
      "        maxDensity: 50000}}], transformationCheckers: [{CounterTransformationChecker: {\n",
      "        maxIterationCount: 40}}, DifferentialTransformationChecker]}\n",
      "'\n",
      "censi_estimate -reading /home/dlandry/dataset/normal-estimates/plain-13-11/reading.pcd -reference /home/dlandry/dataset/normal-estimates/plain-13-11/reference.pcd -ground_truth '[[0.997874650660912, 0.049936057619797296, -0.041873090069158604, 1.3671420717008598], [-0.04676946542982081, 0.9961998887869246, 0.07346271900108102, -0.14084146499037153], [0.045383762798937924, -0.0713479026620378, 0.9964183560022771, 0.28914023411390677], [0.0, 0.0, 0.0, 1.0]]' -config '{errorMinimizer: PointToPlaneWithCovErrorMinimizer, inspector: NullInspector, logger: NullLogger,\n",
      "  matcher: {KDTreeMatcher: {knn: 3}}, outlierFilters: [{TrimmedDistOutlierFilter: {\n",
      "        ratio: 0.7}}], readingDataPointsFilters: [{SurfaceNormalDataPointsFilter: {\n",
      "        keepDensities: 1, knn: 20}}, {MaxDensityDataPointsFilter: {maxDensity: 50000}},\n",
      "    {RandomSamplingDataPointsFilter: {prob: 0.75}}], referenceDataPointsFilters: [\n",
      "    {SurfaceNormalDataPointsFilter: {keepDensities: 1, knn: 20}}, {MaxDensityDataPointsFilter: {\n",
      "        maxDensity: 50000}}], transformationCheckers: [{CounterTransformationChecker: {\n",
      "        maxIterationCount: 40}}, DifferentialTransformationChecker]}\n",
      "'\n",
      "censi_estimate -reading /home/dlandry/dataset/normal-estimates/apartment-16-13/reading.pcd -reference /home/dlandry/dataset/normal-estimates/apartment-16-13/reference.pcd -ground_truth '[[0.9988094073882359, -0.048662877755015814, 0.00336273252179218, 1.915328388692533], [0.0486674379412682, 0.9988142179768206, -0.0006650856756497221, 0.015290013268891567], [-0.003327039544637234, 0.0008269458586240782, 0.9999947769591537, 0.01999167686270896], [0.0, 0.0, 0.0, 1.0]]' -config '{errorMinimizer: PointToPlaneWithCovErrorMinimizer, inspector: NullInspector, logger: NullLogger,\n",
      "  matcher: {KDTreeMatcher: {knn: 3}}, outlierFilters: [{TrimmedDistOutlierFilter: {\n",
      "        ratio: 0.7}}], readingDataPointsFilters: [{SurfaceNormalDataPointsFilter: {\n",
      "        keepDensities: 1, knn: 20}}, {MaxDensityDataPointsFilter: {maxDensity: 50000}},\n",
      "    {RandomSamplingDataPointsFilter: {prob: 0.75}}], referenceDataPointsFilters: [\n",
      "    {SurfaceNormalDataPointsFilter: {keepDensities: 1, knn: 20}}, {MaxDensityDataPointsFilter: {\n",
      "        maxDensity: 50000}}], transformationCheckers: [{CounterTransformationChecker: {\n",
      "        maxIterationCount: 40}}, DifferentialTransformationChecker]}\n",
      "'\n",
      "censi_estimate -reading /home/dlandry/dataset/normal-estimates/hauptgebaude-31-29/reading.pcd -reference /home/dlandry/dataset/normal-estimates/hauptgebaude-31-29/reference.pcd -ground_truth '[[0.9999522433758166, 0.006273581237358814, -0.007537464983256397, 1.502255689448873], [-0.006245092324151627, 0.9999724735657083, 0.0036740835237884673, 0.05217296245381137], [0.0075600962486296166, -0.003627024328681384, 0.9999655405352254, 0.038284958081294396], [0.0, 0.0, 0.0, 1.0]]' -config '{errorMinimizer: PointToPlaneWithCovErrorMinimizer, inspector: NullInspector, logger: NullLogger,\n",
      "  matcher: {KDTreeMatcher: {knn: 3}}, outlierFilters: [{TrimmedDistOutlierFilter: {\n",
      "        ratio: 0.7}}], readingDataPointsFilters: [{SurfaceNormalDataPointsFilter: {\n",
      "        keepDensities: 1, knn: 20}}, {MaxDensityDataPointsFilter: {maxDensity: 50000}},\n",
      "    {RandomSamplingDataPointsFilter: {prob: 0.75}}], referenceDataPointsFilters: [\n",
      "    {SurfaceNormalDataPointsFilter: {keepDensities: 1, knn: 20}}, {MaxDensityDataPointsFilter: {\n",
      "        maxDensity: 50000}}], transformationCheckers: [{CounterTransformationChecker: {\n",
      "        maxIterationCount: 40}}, DifferentialTransformationChecker]}\n",
      "'\n",
      "censi_estimate -reading /home/dlandry/dataset/normal-estimates/hauptgebaude-20-17/reading.pcd -reference /home/dlandry/dataset/normal-estimates/hauptgebaude-20-17/reference.pcd -ground_truth '[[0.9995699110347381, 0.029348924032267906, -0.0005741244797266467, 2.324093710305167], [-0.029349058345523735, 0.9995685066469878, 2.665143520352918e-05, -0.016824475644014236], [0.0005734966394783415, -8.624737002901107e-06, 1.0000003042858687, 0.053574142576330946], [0.0, 0.0, 0.0, 1.0]]' -config '{errorMinimizer: PointToPlaneWithCovErrorMinimizer, inspector: NullInspector, logger: NullLogger,\n",
      "  matcher: {KDTreeMatcher: {knn: 3}}, outlierFilters: [{TrimmedDistOutlierFilter: {\n",
      "        ratio: 0.7}}], readingDataPointsFilters: [{SurfaceNormalDataPointsFilter: {\n",
      "        keepDensities: 1, knn: 20}}, {MaxDensityDataPointsFilter: {maxDensity: 50000}},\n",
      "    {RandomSamplingDataPointsFilter: {prob: 0.75}}], referenceDataPointsFilters: [\n",
      "    {SurfaceNormalDataPointsFilter: {keepDensities: 1, knn: 20}}, {MaxDensityDataPointsFilter: {\n",
      "        maxDensity: 50000}}], transformationCheckers: [{CounterTransformationChecker: {\n",
      "        maxIterationCount: 40}}, DifferentialTransformationChecker]}\n"
     ]
    },
    {
     "name": "stderr",
     "output_type": "stream",
     "text": [
      "'\n",
      "censi_estimate -reading /home/dlandry/dataset/normal-estimates/wood_autumn-24-22/reading.pcd -reference /home/dlandry/dataset/normal-estimates/wood_autumn-24-22/reference.pcd -ground_truth '[[0.9914780116842357, 0.12976412991977612, 0.011602837237993557, 1.3961936632155663], [-0.1293781969027613, 0.9911591185606495, -0.029420471643185283, -0.010743835341847863], [-0.015317606882827274, 0.027669471159987732, 0.999500057056272, 0.003087008643660072], [0.0, 0.0, 0.0, 1.0]]' -config '{errorMinimizer: PointToPlaneWithCovErrorMinimizer, inspector: NullInspector, logger: NullLogger,\n",
      "  matcher: {KDTreeMatcher: {knn: 3}}, outlierFilters: [{TrimmedDistOutlierFilter: {\n",
      "        ratio: 0.7}}], readingDataPointsFilters: [{SurfaceNormalDataPointsFilter: {\n",
      "        keepDensities: 1, knn: 20}}, {MaxDensityDataPointsFilter: {maxDensity: 50000}},\n",
      "    {RandomSamplingDataPointsFilter: {prob: 0.75}}], referenceDataPointsFilters: [\n",
      "    {SurfaceNormalDataPointsFilter: {keepDensities: 1, knn: 20}}, {MaxDensityDataPointsFilter: {\n",
      "        maxDensity: 50000}}], transformationCheckers: [{CounterTransformationChecker: {\n",
      "        maxIterationCount: 40}}, DifferentialTransformationChecker]}\n",
      "'\n",
      "censi_estimate -reading /home/dlandry/dataset/normal-estimates/hauptgebaude-19-16/reading.pcd -reference /home/dlandry/dataset/normal-estimates/hauptgebaude-19-16/reference.pcd -ground_truth '[[0.9995225440902852, -0.030849686341605287, -0.001101538616443614, 2.333724481268579], [0.03084851970180115, 0.9995221258653475, -0.001729535373005267, -0.02188644081965263], [0.0011539780674432291, 0.0016938304013312559, 0.9999978968032619, 0.054945369309937736], [0.0, 0.0, 0.0, 1.0]]' -config '{errorMinimizer: PointToPlaneWithCovErrorMinimizer, inspector: NullInspector, logger: NullLogger,\n",
      "  matcher: {KDTreeMatcher: {knn: 3}}, outlierFilters: [{TrimmedDistOutlierFilter: {\n",
      "        ratio: 0.7}}], readingDataPointsFilters: [{SurfaceNormalDataPointsFilter: {\n",
      "        keepDensities: 1, knn: 20}}, {MaxDensityDataPointsFilter: {maxDensity: 50000}},\n",
      "    {RandomSamplingDataPointsFilter: {prob: 0.75}}], referenceDataPointsFilters: [\n",
      "    {SurfaceNormalDataPointsFilter: {keepDensities: 1, knn: 20}}, {MaxDensityDataPointsFilter: {\n",
      "        maxDensity: 50000}}], transformationCheckers: [{CounterTransformationChecker: {\n",
      "        maxIterationCount: 40}}, DifferentialTransformationChecker]}\n",
      "'\n",
      "censi_estimate -reading /home/dlandry/dataset/normal-estimates/hauptgebaude-35-34/reading.pcd -reference /home/dlandry/dataset/normal-estimates/hauptgebaude-35-34/reference.pcd -ground_truth '[[0.9997558954091519, 0.021822744584101193, 0.0033384444116362575, 0.7954366028643598], [-0.021817724035270842, 0.9997619362693801, -0.0012368627309420018, 0.0194284383735428], [-0.0033639347997019937, 0.0011637374849399992, 0.9999933014985134, 0.01863806885417474], [0.0, 0.0, 0.0, 1.0]]' -config '{errorMinimizer: PointToPlaneWithCovErrorMinimizer, inspector: NullInspector, logger: NullLogger,\n",
      "  matcher: {KDTreeMatcher: {knn: 3}}, outlierFilters: [{TrimmedDistOutlierFilter: {\n",
      "        ratio: 0.7}}], readingDataPointsFilters: [{SurfaceNormalDataPointsFilter: {\n",
      "        keepDensities: 1, knn: 20}}, {MaxDensityDataPointsFilter: {maxDensity: 50000}},\n",
      "    {RandomSamplingDataPointsFilter: {prob: 0.75}}], referenceDataPointsFilters: [\n",
      "    {SurfaceNormalDataPointsFilter: {keepDensities: 1, knn: 20}}, {MaxDensityDataPointsFilter: {\n",
      "        maxDensity: 50000}}], transformationCheckers: [{CounterTransformationChecker: {\n",
      "        maxIterationCount: 40}}, DifferentialTransformationChecker]}\n",
      "'\n",
      "censi_estimate -reading /home/dlandry/dataset/normal-estimates/hauptgebaude-32-31/reading.pcd -reference /home/dlandry/dataset/normal-estimates/hauptgebaude-32-31/reference.pcd -ground_truth '[[0.9998818800195767, -0.014392026893795965, 0.005268955216016198, 0.7169298095781969], [0.014399574316581787, 0.9998955632014702, -0.001773579189662486, 0.016743867395042356], [-0.005243575483329676, 0.0018487846534569479, 0.9999836065406499, 0.014135602119380697], [0.0, 0.0, 0.0, 1.0]]' -config '{errorMinimizer: PointToPlaneWithCovErrorMinimizer, inspector: NullInspector, logger: NullLogger,\n",
      "  matcher: {KDTreeMatcher: {knn: 3}}, outlierFilters: [{TrimmedDistOutlierFilter: {\n",
      "        ratio: 0.7}}], readingDataPointsFilters: [{SurfaceNormalDataPointsFilter: {\n",
      "        keepDensities: 1, knn: 20}}, {MaxDensityDataPointsFilter: {maxDensity: 50000}},\n",
      "    {RandomSamplingDataPointsFilter: {prob: 0.75}}], referenceDataPointsFilters: [\n",
      "    {SurfaceNormalDataPointsFilter: {keepDensities: 1, knn: 20}}, {MaxDensityDataPointsFilter: {\n",
      "        maxDensity: 50000}}], transformationCheckers: [{CounterTransformationChecker: {\n",
      "        maxIterationCount: 40}}, DifferentialTransformationChecker]}\n",
      "'\n",
      "censi_estimate -reading /home/dlandry/dataset/normal-estimates/apartment-39-36/reading.pcd -reference /home/dlandry/dataset/normal-estimates/apartment-39-36/reference.pcd -ground_truth '[[0.9623627519682907, -0.2717119852647722, -0.005311743396151038, 1.4257398088071245], [0.27172104456580376, 0.9623754212790755, 0.0010720586058254548, -0.27962569281938077], [0.004818704641172784, -0.0024749278931895766, 0.9999852078283253, 0.017711149342952544], [0.0, 0.0, 0.0, 1.0]]' -config '{errorMinimizer: PointToPlaneWithCovErrorMinimizer, inspector: NullInspector, logger: NullLogger,\n",
      "  matcher: {KDTreeMatcher: {knn: 3}}, outlierFilters: [{TrimmedDistOutlierFilter: {\n",
      "        ratio: 0.7}}], readingDataPointsFilters: [{SurfaceNormalDataPointsFilter: {\n",
      "        keepDensities: 1, knn: 20}}, {MaxDensityDataPointsFilter: {maxDensity: 50000}},\n",
      "    {RandomSamplingDataPointsFilter: {prob: 0.75}}], referenceDataPointsFilters: [\n",
      "    {SurfaceNormalDataPointsFilter: {keepDensities: 1, knn: 20}}, {MaxDensityDataPointsFilter: {\n",
      "        maxDensity: 50000}}], transformationCheckers: [{CounterTransformationChecker: {\n",
      "        maxIterationCount: 40}}, DifferentialTransformationChecker]}\n",
      "'\n",
      "censi_estimate -reading /home/dlandry/dataset/normal-estimates/gazebo_summer-04-01/reading.pcd -reference /home/dlandry/dataset/normal-estimates/gazebo_summer-04-01/reference.pcd -ground_truth '[[0.9984190876060315, 0.05613751476326228, -0.0026975889093254833, 1.570276802065718], [-0.05612008365482682, 0.9984037484425279, 0.0063299370394441345, 0.06977560274192555], [0.003049265483891157, -0.006169388084022524, 0.9999769647014143, 0.014379046607541739], [0.0, 0.0, 0.0, 1.0]]' -config '{errorMinimizer: PointToPlaneWithCovErrorMinimizer, inspector: NullInspector, logger: NullLogger,\n",
      "  matcher: {KDTreeMatcher: {knn: 3}}, outlierFilters: [{TrimmedDistOutlierFilter: {\n",
      "        ratio: 0.7}}], readingDataPointsFilters: [{SurfaceNormalDataPointsFilter: {\n",
      "        keepDensities: 1, knn: 20}}, {MaxDensityDataPointsFilter: {maxDensity: 50000}},\n",
      "    {RandomSamplingDataPointsFilter: {prob: 0.75}}], referenceDataPointsFilters: [\n",
      "    {SurfaceNormalDataPointsFilter: {keepDensities: 1, knn: 20}}, {MaxDensityDataPointsFilter: {\n",
      "        maxDensity: 50000}}], transformationCheckers: [{CounterTransformationChecker: {\n",
      "        maxIterationCount: 40}}, DifferentialTransformationChecker]}\n",
      "'\n",
      "censi_estimate -reading /home/dlandry/dataset/normal-estimates/gazebo_summer-21-20/reading.pcd -reference /home/dlandry/dataset/normal-estimates/gazebo_summer-21-20/reference.pcd -ground_truth '[[0.9998590895050439, 0.0014821285758739417, 0.016712172085641967, 0.5532897020921608], [-0.001477646210277315, 0.9999985628907306, -0.0003569243433066682, -0.012350301401472752], [-0.016711880598702874, 0.0003321065402134219, 0.999859088084958, -0.008588831253388107], [0.0, 0.0, 0.0, 1.0]]' -config '{errorMinimizer: PointToPlaneWithCovErrorMinimizer, inspector: NullInspector, logger: NullLogger,\n",
      "  matcher: {KDTreeMatcher: {knn: 3}}, outlierFilters: [{TrimmedDistOutlierFilter: {\n",
      "        ratio: 0.7}}], readingDataPointsFilters: [{SurfaceNormalDataPointsFilter: {\n",
      "        keepDensities: 1, knn: 20}}, {MaxDensityDataPointsFilter: {maxDensity: 50000}},\n",
      "    {RandomSamplingDataPointsFilter: {prob: 0.75}}], referenceDataPointsFilters: [\n",
      "    {SurfaceNormalDataPointsFilter: {keepDensities: 1, knn: 20}}, {MaxDensityDataPointsFilter: {\n",
      "        maxDensity: 50000}}], transformationCheckers: [{CounterTransformationChecker: {\n",
      "        maxIterationCount: 40}}, DifferentialTransformationChecker]}\n"
     ]
    },
    {
     "name": "stderr",
     "output_type": "stream",
     "text": [
      "'\n",
      "censi_estimate -reading /home/dlandry/dataset/normal-estimates/wood_autumn-31-28/reading.pcd -reference /home/dlandry/dataset/normal-estimates/wood_autumn-31-28/reference.pcd -ground_truth '[[0.994620449997449, 0.10347153681979972, -0.00473477617835592, 2.045337496051225], [-0.1034344371527015, 0.9946087114817166, 0.0074453275117813775, -0.1076993771932111], [0.005478738601685579, -0.006915563868521496, 0.999961425297291, 0.0069026041588591824], [0.0, 0.0, 0.0, 1.0]]' -config '{errorMinimizer: PointToPlaneWithCovErrorMinimizer, inspector: NullInspector, logger: NullLogger,\n",
      "  matcher: {KDTreeMatcher: {knn: 3}}, outlierFilters: [{TrimmedDistOutlierFilter: {\n",
      "        ratio: 0.7}}], readingDataPointsFilters: [{SurfaceNormalDataPointsFilter: {\n",
      "        keepDensities: 1, knn: 20}}, {MaxDensityDataPointsFilter: {maxDensity: 50000}},\n",
      "    {RandomSamplingDataPointsFilter: {prob: 0.75}}], referenceDataPointsFilters: [\n",
      "    {SurfaceNormalDataPointsFilter: {keepDensities: 1, knn: 20}}, {MaxDensityDataPointsFilter: {\n",
      "        maxDensity: 50000}}], transformationCheckers: [{CounterTransformationChecker: {\n",
      "        maxIterationCount: 40}}, DifferentialTransformationChecker]}\n",
      "'\n",
      "censi_estimate -reading /home/dlandry/dataset/normal-estimates/apartment-32-31/reading.pcd -reference /home/dlandry/dataset/normal-estimates/apartment-32-31/reference.pcd -ground_truth '[[0.9992513947153746, 0.038428590461874294, 0.004769702251077395, 0.5044956248388797], [-0.038417275089814185, 0.9992588387367156, -0.00233279677406222, -0.05992747769171758], [-0.004856915203643152, 0.0021496123610918825, 0.9999865588126359, 0.0045122312546503965], [0.0, 0.0, 0.0, 1.0]]' -config '{errorMinimizer: PointToPlaneWithCovErrorMinimizer, inspector: NullInspector, logger: NullLogger,\n",
      "  matcher: {KDTreeMatcher: {knn: 3}}, outlierFilters: [{TrimmedDistOutlierFilter: {\n",
      "        ratio: 0.7}}], readingDataPointsFilters: [{SurfaceNormalDataPointsFilter: {\n",
      "        keepDensities: 1, knn: 20}}, {MaxDensityDataPointsFilter: {maxDensity: 50000}},\n",
      "    {RandomSamplingDataPointsFilter: {prob: 0.75}}], referenceDataPointsFilters: [\n",
      "    {SurfaceNormalDataPointsFilter: {keepDensities: 1, knn: 20}}, {MaxDensityDataPointsFilter: {\n",
      "        maxDensity: 50000}}], transformationCheckers: [{CounterTransformationChecker: {\n",
      "        maxIterationCount: 40}}, DifferentialTransformationChecker]}\n",
      "'\n",
      "censi_estimate -reading /home/dlandry/dataset/normal-estimates/hauptgebaude-06-04/reading.pcd -reference /home/dlandry/dataset/normal-estimates/hauptgebaude-06-04/reference.pcd -ground_truth '[[0.9998664258023602, -0.016311906730312176, -0.00019604593936595175, 1.0861451298419844], [0.01631136088121048, 0.9998653660258382, -0.002261734594241463, -0.10991506765706122], [0.00023305550129892842, 0.002258004510354858, 0.9999978518858237, 0.028875839188473598], [0.0, 0.0, 0.0, 1.0]]' -config '{errorMinimizer: PointToPlaneWithCovErrorMinimizer, inspector: NullInspector, logger: NullLogger,\n",
      "  matcher: {KDTreeMatcher: {knn: 3}}, outlierFilters: [{TrimmedDistOutlierFilter: {\n",
      "        ratio: 0.7}}], readingDataPointsFilters: [{SurfaceNormalDataPointsFilter: {\n",
      "        keepDensities: 1, knn: 20}}, {MaxDensityDataPointsFilter: {maxDensity: 50000}},\n",
      "    {RandomSamplingDataPointsFilter: {prob: 0.75}}], referenceDataPointsFilters: [\n",
      "    {SurfaceNormalDataPointsFilter: {keepDensities: 1, knn: 20}}, {MaxDensityDataPointsFilter: {\n",
      "        maxDensity: 50000}}], transformationCheckers: [{CounterTransformationChecker: {\n",
      "        maxIterationCount: 40}}, DifferentialTransformationChecker]}\n",
      "'\n",
      "censi_estimate -reading /home/dlandry/dataset/normal-estimates/wood_autumn-03-02/reading.pcd -reference /home/dlandry/dataset/normal-estimates/wood_autumn-03-02/reference.pcd -ground_truth '[[0.9951763918470895, 0.0972847502803966, 0.012626399893825998, 0.5782784181192682], [-0.09750389831024858, 0.9950725437598464, 0.018006452539888612, 0.07602498982810955], [-0.01081255983894407, -0.019151923216252077, 0.9997578595677041, 0.009320055589474083], [0.0, 0.0, 0.0, 1.0]]' -config '{errorMinimizer: PointToPlaneWithCovErrorMinimizer, inspector: NullInspector, logger: NullLogger,\n",
      "  matcher: {KDTreeMatcher: {knn: 3}}, outlierFilters: [{TrimmedDistOutlierFilter: {\n",
      "        ratio: 0.7}}], readingDataPointsFilters: [{SurfaceNormalDataPointsFilter: {\n",
      "        keepDensities: 1, knn: 20}}, {MaxDensityDataPointsFilter: {maxDensity: 50000}},\n",
      "    {RandomSamplingDataPointsFilter: {prob: 0.75}}], referenceDataPointsFilters: [\n",
      "    {SurfaceNormalDataPointsFilter: {keepDensities: 1, knn: 20}}, {MaxDensityDataPointsFilter: {\n",
      "        maxDensity: 50000}}], transformationCheckers: [{CounterTransformationChecker: {\n",
      "        maxIterationCount: 40}}, DifferentialTransformationChecker]}\n",
      "'\n",
      "censi_estimate -reading /home/dlandry/dataset/normal-estimates/hauptgebaude-05-04/reading.pcd -reference /home/dlandry/dataset/normal-estimates/hauptgebaude-05-04/reference.pcd -ground_truth '[[0.9999641554594717, -0.004261663519111233, -0.007285040942259846, 0.5462491425049962], [0.004250948908086634, 0.9999902357822235, -0.0015031418845097364, -0.07942236198233965], [0.007291941585628901, 0.0014727743212497068, 0.9999715499612716, 0.014379574050167418], [0.0, 0.0, 0.0, 1.0]]' -config '{errorMinimizer: PointToPlaneWithCovErrorMinimizer, inspector: NullInspector, logger: NullLogger,\n",
      "  matcher: {KDTreeMatcher: {knn: 3}}, outlierFilters: [{TrimmedDistOutlierFilter: {\n",
      "        ratio: 0.7}}], readingDataPointsFilters: [{SurfaceNormalDataPointsFilter: {\n",
      "        keepDensities: 1, knn: 20}}, {MaxDensityDataPointsFilter: {maxDensity: 50000}},\n",
      "    {RandomSamplingDataPointsFilter: {prob: 0.75}}], referenceDataPointsFilters: [\n",
      "    {SurfaceNormalDataPointsFilter: {keepDensities: 1, knn: 20}}, {MaxDensityDataPointsFilter: {\n",
      "        maxDensity: 50000}}], transformationCheckers: [{CounterTransformationChecker: {\n",
      "        maxIterationCount: 40}}, DifferentialTransformationChecker]}\n",
      "'\n",
      "censi_estimate -reading /home/dlandry/dataset/normal-estimates/stairs-12-09/reading.pcd -reference /home/dlandry/dataset/normal-estimates/stairs-12-09/reference.pcd -ground_truth '[[0.619655041549307, 0.0546185034101378, -0.7829714101866582, 0.35120998189994523], [-0.049398828191333684, 0.9983118347030376, 0.030545333128009628, 0.028310743891689527], [0.7833188096788524, 0.019749575060416375, 0.6213068637506594, 0.4473054948839963], [0.0, 0.0, 0.0, 1.0]]' -config '{errorMinimizer: PointToPlaneWithCovErrorMinimizer, inspector: NullInspector, logger: NullLogger,\n",
      "  matcher: {KDTreeMatcher: {knn: 3}}, outlierFilters: [{TrimmedDistOutlierFilter: {\n",
      "        ratio: 0.7}}], readingDataPointsFilters: [{SurfaceNormalDataPointsFilter: {\n",
      "        keepDensities: 1, knn: 20}}, {MaxDensityDataPointsFilter: {maxDensity: 50000}},\n",
      "    {RandomSamplingDataPointsFilter: {prob: 0.75}}], referenceDataPointsFilters: [\n",
      "    {SurfaceNormalDataPointsFilter: {keepDensities: 1, knn: 20}}, {MaxDensityDataPointsFilter: {\n",
      "        maxDensity: 50000}}], transformationCheckers: [{CounterTransformationChecker: {\n",
      "        maxIterationCount: 40}}, DifferentialTransformationChecker]}\n",
      "'\n",
      "censi_estimate -reading /home/dlandry/dataset/normal-estimates/hauptgebaude-34-33/reading.pcd -reference /home/dlandry/dataset/normal-estimates/hauptgebaude-34-33/reference.pcd -ground_truth '[[0.9995536372060994, -0.02937172267017993, -0.005384050227024087, 0.7916512516552459], [0.02936825085512937, 0.999568909581308, -0.0006345629622491046, -0.013880701598368989], [0.0053995895463511715, 0.00047538426386324964, 0.9999848538580537, 0.02071027538477266], [0.0, 0.0, 0.0, 1.0]]' -config '{errorMinimizer: PointToPlaneWithCovErrorMinimizer, inspector: NullInspector, logger: NullLogger,\n",
      "  matcher: {KDTreeMatcher: {knn: 3}}, outlierFilters: [{TrimmedDistOutlierFilter: {\n",
      "        ratio: 0.7}}], readingDataPointsFilters: [{SurfaceNormalDataPointsFilter: {\n",
      "        keepDensities: 1, knn: 20}}, {MaxDensityDataPointsFilter: {maxDensity: 50000}},\n",
      "    {RandomSamplingDataPointsFilter: {prob: 0.75}}], referenceDataPointsFilters: [\n",
      "    {SurfaceNormalDataPointsFilter: {keepDensities: 1, knn: 20}}, {MaxDensityDataPointsFilter: {\n",
      "        maxDensity: 50000}}], transformationCheckers: [{CounterTransformationChecker: {\n",
      "        maxIterationCount: 40}}, DifferentialTransformationChecker]}\n"
     ]
    },
    {
     "name": "stderr",
     "output_type": "stream",
     "text": [
      "'\n",
      "censi_estimate -reading /home/dlandry/dataset/normal-estimates/wood_autumn-04-01/reading.pcd -reference /home/dlandry/dataset/normal-estimates/wood_autumn-04-01/reference.pcd -ground_truth '[[0.8512681879987252, 0.5232721478760674, -0.039073400500076266, 1.5167784397067885], [-0.5232017388322671, 0.8521126087073128, 0.01283788394355523, 0.18949147167765218], [0.04001233370120083, 0.009514682210002177, 0.9991535101334579, 0.08820825063452552], [0.0, 0.0, 0.0, 1.0]]' -config '{errorMinimizer: PointToPlaneWithCovErrorMinimizer, inspector: NullInspector, logger: NullLogger,\n",
      "  matcher: {KDTreeMatcher: {knn: 3}}, outlierFilters: [{TrimmedDistOutlierFilter: {\n",
      "        ratio: 0.7}}], readingDataPointsFilters: [{SurfaceNormalDataPointsFilter: {\n",
      "        keepDensities: 1, knn: 20}}, {MaxDensityDataPointsFilter: {maxDensity: 50000}},\n",
      "    {RandomSamplingDataPointsFilter: {prob: 0.75}}], referenceDataPointsFilters: [\n",
      "    {SurfaceNormalDataPointsFilter: {keepDensities: 1, knn: 20}}, {MaxDensityDataPointsFilter: {\n",
      "        maxDensity: 50000}}], transformationCheckers: [{CounterTransformationChecker: {\n",
      "        maxIterationCount: 40}}, DifferentialTransformationChecker]}\n",
      "'\n",
      "censi_estimate -reading /home/dlandry/dataset/normal-estimates/wood_autumn-26-25/reading.pcd -reference /home/dlandry/dataset/normal-estimates/wood_autumn-26-25/reference.pcd -ground_truth '[[0.9997199983558832, 0.009953519691303777, -0.02145347924526854, 0.6743581030065577], [-0.009166167060345502, 0.999289998375264, 0.03650942870908237, -0.0243345196529674], [0.021801176524321494, -0.03630289854744465, 0.9991026684373759, 0.0054783541105043465], [0.0, 0.0, 0.0, 1.0]]' -config '{errorMinimizer: PointToPlaneWithCovErrorMinimizer, inspector: NullInspector, logger: NullLogger,\n",
      "  matcher: {KDTreeMatcher: {knn: 3}}, outlierFilters: [{TrimmedDistOutlierFilter: {\n",
      "        ratio: 0.7}}], readingDataPointsFilters: [{SurfaceNormalDataPointsFilter: {\n",
      "        keepDensities: 1, knn: 20}}, {MaxDensityDataPointsFilter: {maxDensity: 50000}},\n",
      "    {RandomSamplingDataPointsFilter: {prob: 0.75}}], referenceDataPointsFilters: [\n",
      "    {SurfaceNormalDataPointsFilter: {keepDensities: 1, knn: 20}}, {MaxDensityDataPointsFilter: {\n",
      "        maxDensity: 50000}}], transformationCheckers: [{CounterTransformationChecker: {\n",
      "        maxIterationCount: 40}}, DifferentialTransformationChecker]}\n",
      "'\n",
      "censi_estimate -reading /home/dlandry/dataset/normal-estimates/plain-15-13/reading.pcd -reference /home/dlandry/dataset/normal-estimates/plain-15-13/reference.pcd -ground_truth '[[0.7206458752540621, 0.6900515985335702, -0.06705640247972323, 1.5429792787579917], [-0.692634915667115, 0.7123268325105572, -0.11335189877386943, -0.5167973080753097], [-0.030451796928453265, 0.1281317843932357, 0.9912893513192684, 0.3188159960741398], [0.0, 0.0, 0.0, 1.0]]' -config '{errorMinimizer: PointToPlaneWithCovErrorMinimizer, inspector: NullInspector, logger: NullLogger,\n",
      "  matcher: {KDTreeMatcher: {knn: 3}}, outlierFilters: [{TrimmedDistOutlierFilter: {\n",
      "        ratio: 0.7}}], readingDataPointsFilters: [{SurfaceNormalDataPointsFilter: {\n",
      "        keepDensities: 1, knn: 20}}, {MaxDensityDataPointsFilter: {maxDensity: 50000}},\n",
      "    {RandomSamplingDataPointsFilter: {prob: 0.75}}], referenceDataPointsFilters: [\n",
      "    {SurfaceNormalDataPointsFilter: {keepDensities: 1, knn: 20}}, {MaxDensityDataPointsFilter: {\n",
      "        maxDensity: 50000}}], transformationCheckers: [{CounterTransformationChecker: {\n",
      "        maxIterationCount: 40}}, DifferentialTransformationChecker]}\n",
      "'\n",
      "censi_estimate -reading /home/dlandry/dataset/normal-estimates/gazebo_summer-23-20/reading.pcd -reference /home/dlandry/dataset/normal-estimates/gazebo_summer-23-20/reference.pcd -ground_truth '[[0.439126758092214, 0.8970960763443955, 0.04884547222484997, 0.9635078604357794], [-0.8970623039321497, 0.4408066369208577, -0.03115289044331024, -0.3997674043544026], [-0.04947792908070465, -0.03013548008303003, 0.9983198770901942, -0.030853926554134686], [0.0, 0.0, 0.0, 1.0]]' -config '{errorMinimizer: PointToPlaneWithCovErrorMinimizer, inspector: NullInspector, logger: NullLogger,\n",
      "  matcher: {KDTreeMatcher: {knn: 3}}, outlierFilters: [{TrimmedDistOutlierFilter: {\n",
      "        ratio: 0.7}}], readingDataPointsFilters: [{SurfaceNormalDataPointsFilter: {\n",
      "        keepDensities: 1, knn: 20}}, {MaxDensityDataPointsFilter: {maxDensity: 50000}},\n",
      "    {RandomSamplingDataPointsFilter: {prob: 0.75}}], referenceDataPointsFilters: [\n",
      "    {SurfaceNormalDataPointsFilter: {keepDensities: 1, knn: 20}}, {MaxDensityDataPointsFilter: {\n",
      "        maxDensity: 50000}}], transformationCheckers: [{CounterTransformationChecker: {\n",
      "        maxIterationCount: 40}}, DifferentialTransformationChecker]}\n",
      "'\n",
      "censi_estimate -reading /home/dlandry/dataset/normal-estimates/hauptgebaude-26-25/reading.pcd -reference /home/dlandry/dataset/normal-estimates/hauptgebaude-26-25/reference.pcd -ground_truth '[[0.9999498020549917, -0.009977431175147582, -0.001270869566304815, 0.7384090065567364], [0.009978403282924974, 0.9999498677736415, 0.0014365459516445796, -0.022446474125220883], [0.0012572765262811349, -0.0014503534856206062, 0.9999981261176637, 0.01768382744260344], [0.0, 0.0, 0.0, 1.0]]' -config '{errorMinimizer: PointToPlaneWithCovErrorMinimizer, inspector: NullInspector, logger: NullLogger,\n",
      "  matcher: {KDTreeMatcher: {knn: 3}}, outlierFilters: [{TrimmedDistOutlierFilter: {\n",
      "        ratio: 0.7}}], readingDataPointsFilters: [{SurfaceNormalDataPointsFilter: {\n",
      "        keepDensities: 1, knn: 20}}, {MaxDensityDataPointsFilter: {maxDensity: 50000}},\n",
      "    {RandomSamplingDataPointsFilter: {prob: 0.75}}], referenceDataPointsFilters: [\n",
      "    {SurfaceNormalDataPointsFilter: {keepDensities: 1, knn: 20}}, {MaxDensityDataPointsFilter: {\n",
      "        maxDensity: 50000}}], transformationCheckers: [{CounterTransformationChecker: {\n",
      "        maxIterationCount: 40}}, DifferentialTransformationChecker]}\n",
      "'\n",
      "censi_estimate -reading /home/dlandry/dataset/normal-estimates/hauptgebaude-03-02/reading.pcd -reference /home/dlandry/dataset/normal-estimates/hauptgebaude-03-02/reference.pcd -ground_truth '[[0.9997154133685063, 0.023782282845169745, -0.00212031709163569, 0.5651721256173374], [-0.023782398320628517, 0.999717567608103, 0.00047785630461405276, -0.0022994200984929325], [0.00213156957279702, -0.00042834198851915883, 0.9999972831722965, 0.011422698538689845], [0.0, 0.0, 0.0, 1.0]]' -config '{errorMinimizer: PointToPlaneWithCovErrorMinimizer, inspector: NullInspector, logger: NullLogger,\n",
      "  matcher: {KDTreeMatcher: {knn: 3}}, outlierFilters: [{TrimmedDistOutlierFilter: {\n",
      "        ratio: 0.7}}], readingDataPointsFilters: [{SurfaceNormalDataPointsFilter: {\n",
      "        keepDensities: 1, knn: 20}}, {MaxDensityDataPointsFilter: {maxDensity: 50000}},\n",
      "    {RandomSamplingDataPointsFilter: {prob: 0.75}}], referenceDataPointsFilters: [\n",
      "    {SurfaceNormalDataPointsFilter: {keepDensities: 1, knn: 20}}, {MaxDensityDataPointsFilter: {\n",
      "        maxDensity: 50000}}], transformationCheckers: [{CounterTransformationChecker: {\n",
      "        maxIterationCount: 40}}, DifferentialTransformationChecker]}\n",
      "'\n",
      "censi_estimate -reading /home/dlandry/dataset/normal-estimates/plain-30-28/reading.pcd -reference /home/dlandry/dataset/normal-estimates/plain-30-28/reference.pcd -ground_truth '[[0.9854898726210057, -0.169341673096933, -0.01155035299933623, 1.5862690920222722], [0.1690367236202137, 0.9853276748794197, -0.023599874025504373, 0.3420279140514211], [0.01537849208699308, 0.02130490172819533, 0.9996543840005945, 0.2503792717677302], [0.0, 0.0, 0.0, 1.0]]' -config '{errorMinimizer: PointToPlaneWithCovErrorMinimizer, inspector: NullInspector, logger: NullLogger,\n",
      "  matcher: {KDTreeMatcher: {knn: 3}}, outlierFilters: [{TrimmedDistOutlierFilter: {\n",
      "        ratio: 0.7}}], readingDataPointsFilters: [{SurfaceNormalDataPointsFilter: {\n",
      "        keepDensities: 1, knn: 20}}, {MaxDensityDataPointsFilter: {maxDensity: 50000}},\n",
      "    {RandomSamplingDataPointsFilter: {prob: 0.75}}], referenceDataPointsFilters: [\n",
      "    {SurfaceNormalDataPointsFilter: {keepDensities: 1, knn: 20}}, {MaxDensityDataPointsFilter: {\n",
      "        maxDensity: 50000}}], transformationCheckers: [{CounterTransformationChecker: {\n",
      "        maxIterationCount: 40}}, DifferentialTransformationChecker]}\n"
     ]
    },
    {
     "name": "stderr",
     "output_type": "stream",
     "text": [
      "'\n",
      "censi_estimate -reading /home/dlandry/dataset/normal-estimates/gazebo_summer-30-27/reading.pcd -reference /home/dlandry/dataset/normal-estimates/gazebo_summer-30-27/reference.pcd -ground_truth '[[0.9992663263953641, -0.0072689590885272335, -0.03760452609704082, 1.330138438412458], [0.007313400467765588, 0.9999723415625901, 0.0010703530303321337, 0.18417412281797896], [0.03759438499240926, -0.0013438143594608845, 0.9992905303092613, 0.0922770751279883], [0.0, 0.0, 0.0, 1.0]]' -config '{errorMinimizer: PointToPlaneWithCovErrorMinimizer, inspector: NullInspector, logger: NullLogger,\n",
      "  matcher: {KDTreeMatcher: {knn: 3}}, outlierFilters: [{TrimmedDistOutlierFilter: {\n",
      "        ratio: 0.7}}], readingDataPointsFilters: [{SurfaceNormalDataPointsFilter: {\n",
      "        keepDensities: 1, knn: 20}}, {MaxDensityDataPointsFilter: {maxDensity: 50000}},\n",
      "    {RandomSamplingDataPointsFilter: {prob: 0.75}}], referenceDataPointsFilters: [\n",
      "    {SurfaceNormalDataPointsFilter: {keepDensities: 1, knn: 20}}, {MaxDensityDataPointsFilter: {\n",
      "        maxDensity: 50000}}], transformationCheckers: [{CounterTransformationChecker: {\n",
      "        maxIterationCount: 40}}, DifferentialTransformationChecker]}\n",
      "'\n",
