{
 "cells": [
  {
   "cell_type": "code",
   "execution_count": 17,
   "metadata": {},
   "outputs": [
    {
     "name": "stdout",
     "output_type": "stream",
     "text": [
      "The autoreload extension is already loaded. To reload it, use:\n",
      "  %reload_ext autoreload\n"
     ]
    }
   ],
   "source": [
    "%load_ext autoreload\n",
    "%autoreload 2"
   ]
  },
  {
   "cell_type": "code",
   "execution_count": 34,
   "metadata": {
    "collapsed": true
   },
   "outputs": [],
   "source": [
    "import matplotlib.pyplot as plt\n",
    "import numpy as np\n",
    "import recov.datasets\n",
    "import pykitti"
   ]
  },
  {
   "cell_type": "code",
   "execution_count": 27,
   "metadata": {
    "collapsed": true
   },
   "outputs": [],
   "source": [
    "dataset = recov.datasets.create_registration_dataset('kitti', '~/dataset/kitti/dataset/sequences/01/')"
   ]
  },
  {
   "cell_type": "code",
   "execution_count": 28,
   "metadata": {},
   "outputs": [
    {
     "data": {
      "text/plain": [
       "array([[ 0.91602967,  0.40048269, -0.02242933,  8.67680619],\n",
       "       [-0.40077038,  0.91612307, -0.01008152, -1.9331654 ],\n",
       "       [ 0.01651057,  0.01822399,  0.99969756,  0.20841855],\n",
       "       [ 0.        ,  0.        ,  0.        ,  1.        ]])"
      ]
     },
     "execution_count": 28,
     "metadata": {},
     "output_type": "execute_result"
    }
   ],
   "source": [
    "dataset.poses[9]"
   ]
  },
  {
   "cell_type": "code",
   "execution_count": 29,
   "metadata": {},
   "outputs": [
    {
     "data": {
      "text/plain": [
       "array([[ 0.8964166 ,  0.44266156, -0.02208729,  9.56462715],\n",
       "       [-0.44295657,  0.89647889, -0.01072975, -2.35917515],\n",
       "       [ 0.01505114,  0.01940204,  0.9996984 ,  0.23793359],\n",
       "       [ 0.        ,  0.        ,  0.        ,  1.        ]])"
      ]
     },
     "execution_count": 29,
     "metadata": {},
     "output_type": "execute_result"
    }
   ],
   "source": [
    "dataset.poses[10]"
   ]
  },
  {
   "cell_type": "code",
   "execution_count": 30,
   "metadata": {},
   "outputs": [
    {
     "data": {
      "text/plain": [
       "array([[-5.48199496e-01,  8.34928992e-01, -4.86914629e-02,\n",
       "        -5.85626053e+02],\n",
       "       [-8.33491740e-01, -5.50208051e-01, -5.06224160e-02,\n",
       "        -9.68607596e+02],\n",
       "       [-6.90565700e-02,  1.28327634e-02,  9.97530147e-01,\n",
       "        -3.12127970e+01],\n",
       "       [ 0.00000000e+00,  0.00000000e+00,  0.00000000e+00,\n",
       "         1.00000000e+00]])"
      ]
     },
     "execution_count": 30,
     "metadata": {},
     "output_type": "execute_result"
    }
   ],
   "source": [
    "dataset.poses[500]"
   ]
  },
  {
   "cell_type": "code",
   "execution_count": 31,
   "metadata": {},
   "outputs": [
    {
     "data": {
      "text/plain": [
       "array([[-5.48145169e-01,  8.34996754e-01, -4.81374372e-02,\n",
       "        -5.87069272e+02],\n",
       "       [-8.33743195e-01, -5.50078599e-01, -4.78105853e-02,\n",
       "        -9.70769775e+02],\n",
       "       [-6.64010517e-02,  1.39271303e-02,  9.97695768e-01,\n",
       "        -3.13589668e+01],\n",
       "       [ 0.00000000e+00,  0.00000000e+00,  0.00000000e+00,\n",
       "         1.00000000e+00]])"
      ]
     },
     "execution_count": 31,
     "metadata": {},
     "output_type": "execute_result"
    }
   ],
   "source": [
    "dataset.poses[501]"
   ]
  },
  {
   "cell_type": "code",
   "execution_count": 32,
   "metadata": {},
   "outputs": [
    {
     "data": {
      "text/plain": [
       "array([[ 9.99996460e-01,  2.17740237e-04,  2.65902875e-03,\n",
       "        -2.60350183e+00],\n",
       "       [-2.20666875e-04,  9.99999386e-01,  1.08181144e-03,\n",
       "         1.77503166e-02],\n",
       "       [-2.65880664e-03, -1.08239416e-03,  9.99995865e-01,\n",
       "        -2.70148323e-02],\n",
       "       [ 0.00000000e+00,  0.00000000e+00,  0.00000000e+00,\n",
       "         1.00000000e+00]])"
      ]
     },
     "execution_count": 32,
     "metadata": {},
     "output_type": "execute_result"
    }
   ],
   "source": [
    "np.linalg.inv(dataset.poses[501]) @ dataset.poses[500]"
   ]
  },
  {
   "cell_type": "code",
   "execution_count": 33,
   "metadata": {},
   "outputs": [
    {
     "data": {
      "text/plain": [
       "array([[[ 9.99999900e-01, -6.98626470e-11,  4.81278784e-10,\n",
       "          2.92062202e-08],\n",
       "        [-6.98627133e-11,  1.00000000e+00,  9.42989827e-12,\n",
       "          2.09143206e-11],\n",
       "        [ 4.81278815e-10,  9.42989773e-12,  1.00000000e+00,\n",
       "         -1.40421910e-10],\n",
       "        [ 0.00000000e+00,  0.00000000e+00,  0.00000000e+00,\n",
       "          1.00000000e+00]],\n",
       "\n",
       "       [[ 9.99047515e-01,  4.35785101e-02, -2.21688556e-03,\n",
       "          1.00154613e+00],\n",
       "        [-4.35815577e-02,  9.99048966e-01, -1.34445394e-03,\n",
       "         -3.86236817e-02],\n",
       "        [ 2.15618814e-03,  1.43978992e-03,  9.99996619e-01,\n",
       "          1.60055667e-02],\n",
       "        [ 0.00000000e+00,  0.00000000e+00,  0.00000000e+00,\n",
       "          1.00000000e+00]],\n",
       "\n",
       "       [[ 9.96035977e-01,  8.86954822e-02, -6.73873687e-03,\n",
       "          1.99782328e+00],\n",
       "        [-8.87284595e-02,  9.96044547e-01, -4.76352351e-03,\n",
       "         -1.20318468e-01],\n",
       "        [ 6.28957854e-03,  5.34256160e-03,  9.99965876e-01,\n",
       "          3.31702812e-02],\n",
       "        [ 0.00000000e+00,  0.00000000e+00,  0.00000000e+00,\n",
       "          1.00000000e+00]],\n",
       "\n",
       "       ...,\n",
       "\n",
       "       [[ 8.51069719e-01,  5.21376318e-01, -6.20243189e-02,\n",
       "         -1.04778896e+03],\n",
       "        [-5.23309284e-01,  8.51923168e-01, -1.93504733e-02,\n",
       "         -1.67919737e+03],\n",
       "        [ 4.27510723e-02,  4.89265147e-02,  9.97887013e-01,\n",
       "         -6.64160654e+01],\n",
       "        [ 0.00000000e+00,  0.00000000e+00,  0.00000000e+00,\n",
       "          1.00000000e+00]],\n",
       "\n",
       "       [[ 8.49978971e-01,  5.23155359e-01, -6.20009948e-02,\n",
       "         -1.04638154e+03],\n",
       "        [-5.25100097e-01,  8.50814576e-01, -1.96102584e-02,\n",
       "         -1.68007500e+03],\n",
       "        [ 4.24921379e-02,  4.92250493e-02,  9.97883353e-01,\n",
       "         -6.63295739e+01],\n",
       "        [ 0.00000000e+00,  0.00000000e+00,  0.00000000e+00,\n",
       "          1.00000000e+00]],\n",
       "\n",
       "       [[ 8.49094182e-01,  5.24824412e-01, -5.99867106e-02,\n",
       "         -1.04493204e+03],\n",
       "        [-5.26783207e-01,  8.49704948e-01, -2.23840130e-02,\n",
       "         -1.68098279e+03],\n",
       "        [ 3.92233415e-02,  5.06061369e-02,  9.97948170e-01,\n",
       "         -6.62416232e+01],\n",
       "        [ 0.00000000e+00,  0.00000000e+00,  0.00000000e+00,\n",
       "          1.00000000e+00]]])"
      ]
     },
     "execution_count": 33,
     "metadata": {},
     "output_type": "execute_result"
    }
   ],
   "source": [
    "dataset.poses"
   ]
  },
  {
   "cell_type": "code",
   "execution_count": null,
   "metadata": {
    "collapsed": true
   },
   "outputs": [],
   "source": []
  },
  {
   "cell_type": "code",
   "execution_count": 35,
   "metadata": {},
   "outputs": [
    {
     "data": {
      "text/plain": [
       "[<matplotlib.lines.Line2D at 0x7f88e5847588>]"
      ]
     },
     "execution_count": 35,
     "metadata": {},
     "output_type": "execute_result"
    }
   ],
   "source": [
    "plt.plot(dataset.poses[:,0,3], dataset.poses[:,1,3])"
   ]
  },
  {
   "cell_type": "code",
   "execution_count": 36,
   "metadata": {},
   "outputs": [
    {
     "data": {
      "image/png": "iVBORw0KGgoAAAANSUhEUgAAAYkAAAD8CAYAAACCRVh7AAAABHNCSVQICAgIfAhkiAAAAAlwSFlz\nAAALEgAACxIB0t1+/AAAIABJREFUeJzt3Xl8VOW9x/HPj4Ql7AQIe1gk7CDCsFlxAxWXFhUX1FZc\ncakVe6utSm9rtb23brVed9wAN9xqxRVBRVREDLImbEkACYQQlixAtpk8948c7YiEBJLJzCTf9+t1\nXpx5zpkzv8OQfDnnec455pxDRETkUBqEuwAREYlcCgkREamQQkJERCqkkBARkQopJEREpEIKCRER\nqZBCQkREKqSQEBGRCikkRESkQrHhLqC62rVr53r06BHuMkREosqyZct2OefaV7Ze1IdEjx49SE5O\nDncZIiJRxcy2VGU9nW4SEZEKKSRERKRCCgkREamQQkJERCqkkBARkQpFXEiY2QQzW29maWZ2e7jr\nERGpzyIqJMwsBngMOBMYAFxiZgPCW5WISP0VaddJjATSnHMZAGY2B5gIpIa1KhGRMJmxKJ1AGbRp\n2pC+HVswsHMrGsXW3v/vIy0kugBbg15nAqMOXsnMpgJTARITE2unMhGRMJj55Wa25xX98LpFk1gu\nHZnIb0/rQ5OGMSH//EgLiSpxzs0AZgD4fD4X5nJERELmy9tPpai0jF37ilm9LY8P1uzgqUUZrNme\nxwtXjaJBAwvp50daSGwDugW97uq1iYjUS2ZGXKMYusU3pVt8U84a3Ilju7bir++tZc32PIZ0bR3S\nz4+ojmvgGyDJzHqaWSNgMjA3zDWJiESUbvFNAfCXhf5ESkQdSTjn/GZ2EzAPiAGec86lhLksEZGI\nsnB9Dk0bxTCgU8uQf1ZEhQSAc+594P1w1yEiEomKSgO8u2o7pw/oUCsd15F2uklERA7j/dVZFBT5\nuXhE7YzsVEiIiESROd9spUfbpozuFV8rn6eQEBGJEhk5+1i6aQ8Xj0jELLRDX7+nkBARiRKvfrOV\nmAbGpOFdau0zFRIiIlGgxF/Gm99mMq5fAgktmtTa5yokRESiwCfrstm1r4TJI7tVvnINUkiIiEQ4\n5xwzFmXQqVUTTkxqX6ufrZAQEYlw767K4tvvcpk2LonYmNr9ta2QEBGJYHkHSvnre6n079SSC321\ne6oJFBIiIhHtT3PXsHtfCfdNGkJMiO/4eigKCRGRCPX2im28vWI7N49LYnDXVmGpQSEhIhKBUrbn\n8Yc3VzGiRxtuPPmYsNWhkBARiTC79xUzdfYy2jRtxOOXDa/1zupgEXcXWBGR+uxAiZ+rZyWTs6+Y\nN64fQ/sWjcNaj44kREQiRIm/jOtf/JZVmbk8cslxIX/qXFXoSEJEJAL4A2X87vWVLNqQw72TBnPG\nwI7hLglQSIiIhF1poIxb5qzgvdVZ3H5mv1p7VkRVKCRERMKo2B/gppeXMz81mz+e3Z9rxvYKd0k/\nErI+CTO738zWmdkqM3vLzFp77T3MrNDMVnjTk0HvGW5mq80szcz+z2rrhukiImGwr9jPNbOSmZ+a\nzd0TB0ZcQEBoO67nA4Occ0OADcAdQcvSnXNDven6oPYngGuBJG+aEML6RETCJju/iIue/IrF6bu5\nb9IQLh/TI9wlHVLIQsI595Fzzu+9XAJ0Pdz6ZtYJaOmcW+Kcc8Bs4NxQ1SciEi4bsgs4//HFbN69\nn2em+LhoRO3fk6mqamsI7FXAB0Gve5rZcjP7zMzGem1dgMygdTK9tp8ws6lmlmxmyTk5OaGpWEQk\nBBakZjPpicWUBMp47boxnNI3IdwlHVa1Oq7NbAFwqHFa051zb3vrTAf8wEvesiwg0Tm328yGA/82\ns4FH8rnOuRnADACfz+eOtn4RkdoSKHP8c8EGHvkkjUFdWvLkL4fTtU3TcJdVqWqFhHNu/OGWm9kV\nwDnAOO8UEs65YqDYm19mZulAH2AbPz4l1dVrExGJanv2l/DbV1fw2YYcLhzelXvOHUSThjHhLqtK\nQjYE1swmAL8HTnLOHQhqbw/scc4FzKwX5R3UGc65PWaWb2ajga+By4FHQlWfiEht+HxjDr97bSW5\nB0r5n/MGc8nIbkTTwM1QXifxKNAYmO/9hSzxRjKdCNxtZqVAGXC9c26P954bgZlAHOV9GB8cvFER\nkWhQ7A/wwLz1PP35JpISmjPzypEM6Nwy3GUdsZCFhHOudwXtbwJvVrAsGRgUqppERGrDxuwCps1Z\nQWpWPr8a3Z07z+pPXKPoOL10MF1xLSJSQ0oDZcxYlMHDCzbSvEksT1/u47QBHcJdVrUoJEREakDK\n9jxue30VqVn5nD24E3f9YmDYb/NdExQSIiLVkFdYykPzNzD7q83EN2vMk78czoRBkXEH15qgkBAR\nOQplZY7Xl23lvg/Xs/dACZeOSuTW0/vSummjcJdWoxQSIiJHaNmWPdz9TiorM/PwdW/D7IkjGdi5\nVbjLCgmFhIhIFaXtLOC+D9fzUWo2CS0a89DFx3Lu0C5Rdd3DkVJIiIhUYkdeEf9csIHXkrfStFEs\nt57eh6tO6EnTRnX/V2jd30MRkaO0a18xTy/KYNZXmwmUOa44vic3ndqb+GZ1q9/hcBQSIiIH2Zlf\nxIxFGbz49RZK/GVMHNqF/zqtD93iI/+GfDVNISEi4snKK+SpzzJ4Zel3+MscE4d25qZTetOrffNw\nlxY2CgkRqfe27jnAU4vSee2bTMqc4/xhXbjx5N70aNcs3KWFnUJCROqtjdkFPLEwnbdXbqeBwQXD\nu3Ljyb3r5WmliigkRKTeWbE1l8c/TeOj1GziGsZwxfE9uGZsTzq1igt3aRFHISEi9YJzjq/Sd/PY\nwjS+TNtNq7iG3DwuiSuO71GvRisdKYWEiNRpZWWOBWuzeWxhOiu35tK+RWPuPKsfl47qTvPG+hVY\nGf0NiUid5A+U8c6q7TyxMJ0N2fvoFh/H384bxKRhXaPm0aGRQCEhInVKUWmA15dlMmNROlv3FNK3\nQwsenjyUswd3IjamQbjLizoKCRGpEwqKSnnp6+949otN5BQUM7Rba/50zkDG9UugQYO6e2+lUAtZ\nSJjZXcC1QI7XdKdz7n1v2R3A1UAAuNk5N89rnwA8DMQAzzjn/h6q+kSkbtizv4SZX25i5uLN5Bf5\nGZvUjocnD2VMr7Z1+sZ7tSXURxIPOeceCG4wswHAZGAg0BlYYGZ9vMWPAacBmcA3ZjbXOZca4hpF\nJApl5xf9cHV0YWmAMwZ24MaTe3Nst9bhLq1OCcfpponAHOdcMbDJzNKAkd6yNOdcBoCZzfHWVUiI\nyA925hfx+MJ0Xl76HQHv1hk3nHQMSR1ahLu0OinUIXGTmV0OJAO/c87tBboAS4LWyfTaALYe1D7q\nUBs1s6nAVIDExMSarllEItDOgiKeXJjBS19vwV/mmDSsCzedkkRiW10dHUrVCgkzWwAc6mGu04En\ngHsA5/35IHBVdT7ve865GcAMAJ/P52pimyISmXIKinnys3ReXFIeDucd14XfnNqb7m11X6XaUK2Q\ncM6Nr8p6ZvY08K73chvQLWhxV6+Nw7SLSD2za18xT32WzgtLym/Xfd5xXfnNqbrpXm0L5eimTs65\nLO/lecAab34u8LKZ/YPyjuskYClgQJKZ9aQ8HCYDl4aqPhGJTLv3FfPUogxe+GoLxf4A5w7twm/G\nJdFT4RAWoeyTuM/MhlJ+umkzcB2Acy7FzF6jvEPaD/zaORcAMLObgHmUD4F9zjmXEsL6RCSC7Nlf\nwlOL0pm9uDwcfnFsZ34zLolj6vGzHCKBORfdp/R9Pp9LTk4OdxkicpT27C/h6c8zmLV4M4WlXjic\nmkTvBIVDKJnZMuecr7L1dMW1iITF3qBwOFAa4JwhnZk2rje9EzSUNZIoJESkVuUeKOGZz8uvkN5f\n4ufswZ24eVwSfXSdQ0RSSIhIrcg7UMozX2Tw/Jeb2Vf8n3Do21HhEMkUEiISUnmFpTz7xSae/2IT\nBcV+zhzUkWnjk+jXsWW4S5MqUEiISEjkF5Xy3BebePaLTRQU+ZkwsCM3j0tiQGeFQzRRSIhIjcov\nKuX5Lzbz7BcZ5Bf5OX1AB6aNT2Jg51bhLk2OgkJCRGpEQVEpM7/czDNfbCKvsJTTBnRg2rgkBnVR\nOEQzhYSIVMu+Yj+zFm/m6c8zyD1Qyvj+Cdwyvo/CoY5QSIjIUdlf7GdmUDic2i+BW8YnMaSrnudQ\nlygkROSIFJUGeHHJFh5fmM6e/SWc0rc908b3Yage9lMnKSREpEpK/GW8mryVRz/ZSHZ+MWOT2vHb\n0/owLLFNuEuTEFJIiMhh+QNlvLV8Gw9/vJHMvYX4urfh4cnHMbpX23CXJrVAISEih1RW5nh/TRb/\nmL+BjJz9DO7Sir+eO4iT+rTHzMJdntQShYSI/Ihzjo/X7uTB+RtYm5VPUkJznvzlMM4Y2FHhUA8p\nJEQEKA+HL9N288BH61mxNZfubZvyz4uH8vNjOxPTQOFQXykkRIRlW/Zw/7z1LMnYQ+dWTfj7+YOZ\nNLwrDWMahLs0CTOFhEg9tmZbHg98tJ6F63No17wxf/75AC4ZmUiThjHhLk0ihEJCpB7akF3AQ/M3\n8MGaHbSKa8gfJvRjyvHdadpIvxLkx0L2L8LMXgX6ei9bA7nOuaFm1gNYC6z3li1xzl3vvWc4MBOI\nA94Hprlof76qSATZuucAD83fwFsrttGsUSzTxiVx9dietGzSMNylSYQKWUg45y7+ft7MHgTyghan\nO+eGHuJtTwDXAl9THhITgA9CVaNIfbFnfwmPfpLGi0u2YAZTx/biupOOIb5Zo3CXJhEu5MeWVj5m\n7iLg1ErW6wS0dM4t8V7PBs5FISFy1A6U+Hnui0089VkG+0v8XDi8G7eclkSnVnHhLk2iRG2cgBwL\nZDvnNga19TSz5UA+8Efn3OdAFyAzaJ1Mr+0nzGwqMBUgMTExJEWLRLPSQBmvJW/lnws2klNQzGkD\nOvD7M/qSpOdIyxGqVkiY2QKg4yEWTXfOve3NXwK8ErQsC0h0zu32+iD+bWYDj+RznXMzgBkAPp9P\nfRYiHuccH6zZwf3z1rNp13583dvwxGXD8PWID3dpEqWqFRLOufGHW25mscD5wPCg9xQDxd78MjNL\nB/oA24CuQW/v6rWJSBUsTt/FvR+uZ+XWXJISmvPM5T7G9U/QVdJSLaE+3TQeWOec++E0kpm1B/Y4\n5wJm1gtIAjKcc3vMLN/MRlPecX058EiI6xOJeqnb87n3w3V8tiGHTq2acN8FQ5g0rKuukpYaEeqQ\nmMyPTzUBnAjcbWalQBlwvXNuj7fsRv4zBPYD1GktUqGtew7wj/kb+PeKbbRs0pA7z+rH5WN66EI4\nqVEhDQnn3BWHaHsTeLOC9ZOBQaGsSSTa7d1fwiNBw1mvO/EYbjjpGFo11bUOUvN0eaVIlCgqDTBr\n8WYe/TSN/cV+Lhjeld+e1kfDWSWkFBIiEa6szPHOqu3c9+F6tuUWcnLf9txxZn/6dtRwVgk9hYRI\nBFuSsZv/eX8tqzLzGNCpJfdOGsIJSe3CXZbUIwoJkQiUtnMff/9gHQvWZtOpVRMevPBYzjuuCw00\nYklqmUJCJILs2lfMwws28vLS74hrGMNtZ/Tl6hN6asSShI1CQiQCFJUGeP7LzTz2aRqFpQEuG5XI\nzeOSaNe8cbhLk3pOISESRs455qXs4G/vr2XrnkLG90/gjrP6c0z75uEuTQRQSIiETcr2PO55N5Ul\nGXvo26EFL149Sp3SEnEUEiK1bNe+Yh78aD1zvtlK67iG3HPuIC4Z0Y1YPU9aIpBCQqSWlPjLmLl4\nE498XN7vcOXxPZk2LklXSktEU0iI1IKP12Zzz7upbN59gFP7JXDnWf3pnaB+B4l8CgmRENq65wB/\neSeFBWt30juhObOuGslJfdqHuyyRKlNIiIRAUWmApz7L4PGFacQ2MKaf1Z8rftaDhup3kCijkBCp\nYZ+u38ldc1PYsvsA5wzpxB/PHkDHVk3CXZbIUVFIiNSQzL0HuPudVD5KzeaY9s146ZpR/Ky3hrRK\ndFNIiFRTsT/AM59v4pFPNmIYf5jQj6tP6EmjWJ1akuinkBCphkUbcvjz3BQ27drPWYM78sezB9C5\ntZ7vIHWHQkLkKGTlFXL3O6l8sGYHPds106glqbOqfTxsZheaWYqZlZmZ76Bld5hZmpmtN7Mzgton\neG1pZnZ7UHtPM/vaa3/VzBpVtz6RmhQoczz/5SbGP/gZn6zbya2n9+HDW8YqIKTOqokjiTXA+cBT\nwY1mNgCYDAwEOgMLzKyPt/gx4DQgE/jGzOY651KBe4GHnHNzzOxJ4GrgiRqoUaTaVmfmcedbq1m9\nLY+T+rTnnomDSGzbNNxliYRUtUPCObcWwOwnD0OZCMxxzhUDm8wsDRjpLUtzzmV475sDTDSztcCp\nwKXeOrOAu1BISJjtK/bzj482MHPxJto2b8yjlx7H2YM7HerfvEidE8o+iS7AkqDXmV4bwNaD2kcB\nbYFc55z/EOv/iJlNBaYCJCYm1mDJIj82L2UHd81NYUd+Eb8c1Z1bz+hLqzjda0nqjyqFhJktADoe\nYtF059zbNVtS5ZxzM4AZAD6fz9X250vdtz23kD/PTWF+ajb9OrbgscuGMSyxTbjLEql1VQoJ59z4\no9j2NqBb0OuuXhsVtO8GWptZrHc0Eby+SK3wB8qYuXgz/5i/AefgzrP6ceXPeup2GlJvhfJ001zg\nZTP7B+Ud10nAUsCAJDPrSXkITAYudc45M/sUuACYA0wBav0oReqvVZm53PGv1aRsz+fUfgn85RcD\n6Ravjmmp36odEmZ2HvAI0B54z8xWOOfOcM6lmNlrQCrgB37tnAt477kJmAfEAM8551K8zf0BmGNm\nfwWWA89Wtz6RyhQUlfLgRxuY/dVm2jVvzBOXDWPCoI7qmBYBzLnoPqXv8/lccnJyuMuQKPXpup3c\n+dZqduQXcfno7vzujL60bKKOaan7zGyZc85X2Xq64lrqpdwDJdz9Tir/Wr6NPh2a8/hlx3OcOqZF\nfkIhIfXOB6uz+O+3U8g9UMLN45L49SnH0Dg2JtxliUQkhYTUGzkFxfx57hreX72DQV1aMvuqkQzo\n3DLcZYlENIWE1HnOOf69Yht/eSeVA8UBfj+hL1PH9iJWw1pFKqWQkDotK6+Q6W+t4ZN1OxmW2Jr7\nLhhC74QW4S5LJGooJKROcs7x1vJt/HluCqWBMv77nAFccXwPYhpoWKvIkVBISJ2ze18x099aw4cp\nOxjRow0PXHgs3ds2C3dZIlFJISF1yvzUbO741yryC/3ccWY/rhnbS0cPItWgkJA6oaColHveTeW1\n5Ez6d2rJi9ccS7+OGrkkUl0KCYl6SzJ2c+vrK9meW8iNJx/DtPFJuu5BpIYoJCRqFfsDPPjRBp7+\nPIPE+Ka8fv0YhnePD3dZInWKQkKi0sbsAm6es4K1WflcNiqRO8/qT7PG+ucsUtP0UyVRxTnHi0u2\n8Nf31tKscSzPTvExrn+HcJclUmcpJCRq7NpXzB/eWMXH63ZyYp/2PHDhEBJaNAl3WSJ1mkJCosLC\n9Tu59fVV5BeV8uefD2DKmB400NBWkZBTSEhEKyoN8PcP1jFz8Wb6dmjBi9eM1NBWkVqkkJCItW5H\nPtNeWcH67AKuOL4Ht5/ZjyYNNbRVpDYpJCTiOOeYuXgz//vBOlo2acjzV47glL4J4S5LpF6q1r2S\nzexCM0sxszIz8wW1n2Zmy8xstffnqUHLFprZejNb4U0JXntjM3vVzNLM7Gsz61Gd2iQ67Swo4orn\nv+Ev76Qytnc7PrxlrAJCJIyqeySxBjgfeOqg9l3Az51z281sEDAP6BK0/DLn3MEPpr4a2Ouc621m\nk4F7gYurWZ9EkU/X7eTW11eyr9jPPRMH8svR3TFT57RIOFUrJJxza4Gf/CA755YHvUwB4syssXOu\n+DCbmwjc5c2/ATxqZuacc9WpUSKfP1DGg/M38MTCdPp1bMErU0fTp4Oe+SASCWqjT2IS8O1BAfG8\nmQWAN4G/ekHQBdgK4Jzzm1ke0Jbyo5IfMbOpwFSAxMTEEJcvobQjr4ibX1nO0s17uGRkIn/++QB1\nTotEkEpDwswWAB0PsWi6c+7tSt47kPLTRqcHNV/mnNtmZi0oD4lfAbOrXjI452YAMwB8Pp+ONKLU\n5xtzuGXOCgpLA/zz4qGce1yXyt8kIrWq0pBwzo0/mg2bWVfgLeBy51x60Pa2eX8WmNnLwEjKQ2Ib\n0A3INLNYoBWw+2g+WyJboMzx8McbeeSTjSQlNOfxy4bTO6F5uMsSkUMIyekmM2sNvAfc7pz7Mqg9\nFmjtnNtlZg2Bc4AF3uK5wBTgK+AC4BP1R9Q9OQXFTJuznMXpu7lgeFfunjiQpo00ElskUlXrp9PM\nzgMeAdoD75nZCufcGcBNQG/gT2b2J2/104H9wDwvIGIoD4inveXPAi+YWRqwB5hcndok8izJ2M1v\nXllOQVEp910whIt83cJdkohUwqL9P+s+n88lJx88mlYiiXOOZz7fxN8/XEf3tk15/LJhurWGSJiZ\n2TLnnK+y9XScLyG1v9jP799cxXursjhzUEfuv/BYmuu5DyJRQz+tEjIZOfu47oVlpOfs4/Yz+3Hd\nib10cZxIlFFISEh8lLKD3722koaxDXjh6lH8rHe7cJckIkdBISE1KlDmeGj+Bh79NI0hXVvxxC+H\n06V1XLjLEpGjpJCQGrN3fwnTXl3Bog05TB7Rjbt+MVBXT4tEOYWE1Ig12/K4/sVl7Mwv5n/PH8wl\nI3W7FJG6QCEh1fbOyu3c9sZK2jRtxGvXj2Fot9bhLklEaohCQo5aWZnjwfnreezTdHzd2/DEL4fT\nvkXjcJclIjVIISFHpaColN++upIFa7OZPKIbd08cRKPYaj3DSkQikEJCjtiW3fu5dnYy6Tn7+csv\nBnL5GD0cSKSuUkjIEfkybRe/fvlbAGZfNVLXP4jUcQoJqRLnHLMWb+ae99ZyTPtmPH25j+5tm4W7\nLBEJMYWEVKo0UMaf3k7hlaXfMb5/B/45eajuvyRST+gnXQ4rv6iUX7/0LZ9v3MUNJx/Dbaf3pUED\n9T+I1BcKCalQ5t4DXDXzGzJy9nPfpCFcNELPfxCpbxQSckirMnO5elYyRaUBZqmDWqTeUkjIT8xL\n2cG0Octp17wxL18ziqQOLcJdkoiEiUJCfuCc49kvNvG399dybNfWPH25T1dQi9Rz1bpE1swuNLMU\nMyszM19Qew8zKzSzFd70ZNCy4Wa22szSzOz/zLsKy8zizWy+mW30/mxTndrkyPi9EUx/fW8tEwZ2\nZM7U0QoIEaleSABrgPOBRYdYlu6cG+pN1we1PwFcCyR50wSv/XbgY+dcEvCx91pqwf5iP9fOTuaF\nJVu47qRePHbpMN3iW0SAaoaEc26tc259Vdc3s05AS+fcEuecA2YD53qLJwKzvPlZQe0SQrv2FXPJ\n00tYtHEX/3PeYO44s7+GuIrID0J5R7aeZrbczD4zs7FeWxcgM2idTK8NoINzLsub3wF0qGjDZjbV\nzJLNLDknJ6fGC68vNu/az6QnFrMhu4AZvxrOpaP0DAgR+bFKO67NbAHQ8RCLpjvn3q7gbVlAonNu\nt5kNB/5tZgOrWpRzzpmZO8zyGcAMAJ/PV+F6UrFVmblc+fw3lDnHy9eOZliiuoBE5KcqDQnn3Pgj\n3ahzrhgo9uaXmVk60AfYBnQNWrWr1waQbWadnHNZ3mmpnUf6uVI1C9fv5MaXviW+WSNmXTWSY9o3\nD3dJIhKhQnK6yczam1mMN9+L8g7qDO90Ur6ZjfZGNV0OfH80MheY4s1PCWqXGvTGskyumZVMj7bN\n+NcNxysgROSwqjsE9jwzywTGAO+Z2Txv0YnAKjNbAbwBXO+c2+MtuxF4BkgD0oEPvPa/A6eZ2UZg\nvPdaaohzjsc+TePW11cyqlc8r143moSWTcJdlohEOCsfZBS9fD6fS05ODncZES1Q5vjLOynM/moL\nE4d25v4LjtVT5ETqOTNb5pzzVbaerriu44pKA9wyZwUfpuzg2rE9NcRVRI6IQqIOyztQyrUvJLN0\n0x7+eHZ/rhnbK9wliUiUUUjUUVl5hUx5bimbdu3n/y45jl8c2zncJYlIFFJI1EEbsguY8txSCor8\nzLpyJMfrNt8icpQUEnXM0k17uGbWNzRpGMNr141hQOeW4S5JRKKYQqIOeT15K9PfWkPX+DhmXTmS\nbvFNw12SiEQ5hUQd4A+U8bf31/L8l5v5We+2PHrJMNo0axTuskSkDlBIRLncAyXc9PJyvkjbxZU/\n68H0s/oTG6NrIESkZigkotiG7AKunZ3M9txC7ps0hItGdAt3SSJSxygkotSC1GymzVlOXKNY5kwd\nzfDu8eEuSUTqIIVElHHO8fjCdB74aD2DOrdixuXD6dQqLtxliUgdpZAIUuIvI2V7Ht9+l8vG7AK2\n7D7Arn3FFJYGKCoNENugAU0bxdChZRO6xcfRrU1TBnRuydBurWnbPPTPgy4sCXDbGyt5d1UWE4d2\n5t5JQ/SYUREJKYUEsDYrn1mLN/P+6izyi/wAtG3WiO5tm9I7oTlxjWJo0jCGQMCxr8RPVm4hn67P\nIaeg+IdtdIuPw9c9njG92jK6V1u6xcdRfjf0mrEtt5Cps5NJzcrn9jP7cd2JvWp0+yIih1KvQ6LY\nH+Bv763lhSVbiGsYw4SBHRk/oAPDu7ehQxVuo72/2M+abXms2JrL8u9y+XxjDm8tL3+GUpfWcYzr\nn8DdEwdVu87U7flc8fxSCksCPDdlBKf0S6j2NkVEqqLehoRzjv96bSXvrcriiuN78NvxfWjVtOER\nbaNZ41hG9WrLqF5tf9hm2s59fJWxmyUZu9nnHZVUx5dpu7juhWW0aBLLGzccT9+OLaq9TRGRqqq3\nIbE4fTfvrcritjP68utTetfINs2MpA4tSOrQgsvH9Kj29v69fBu3vbGSXu2aM/OqEeqgFpFaV29D\n4su0XcQ2MK4+oWe4S/kJ5xwzFmXwvx+sY3SveJ76lY9WcUd2lCMiUhPqbUj4yxwxDSziRgcFyhz3\nvJvKzMWKWgDQAAAIfUlEQVSbOXtIJ/5x0bE0jo2sGkWk/qjuM64vNLMUMyszM19Q+2VmtiJoKjOz\nod6yhWa2PmhZgtfe2MxeNbM0M/vazHpUp7bKdGzZhGJ/GTsLikL5MUekqDTAb175lpmLN3P1CT15\nZPJxCggRCavqHkmsAc4HngpudM69BLwEYGaDgX8751YErXKZc+7gB1NfDex1zvU2s8nAvcDF1ayv\nQv07ld9Ce21WAQktKh/JFGp5haVcO1tPkRORyFKtIwnn3Frn3PpKVrsEmFOFzU0EZnnzbwDjLIQX\nAgzwQiJ1e36oPqLKduQVcdGTX7H8u708PHmoAkJEIkZt3C70YuCVg9qe9041/XdQEHQBtgI45/xA\nHtD2UBs0s6lmlmxmyTk5OUdVVKumDenaJo5VmblH9f6akrZzH5OeWEzm3gM8f8VIJg7tEtZ6RESC\nVRoSZrbAzNYcYppYhfeOAg4459YENV/mnBsMjPWmXx1p0c65Gc45n3PO1759+yN9+w9G9ozn6017\nKCtzR72N6vj2u71c8ORiiv0BXr1uDCck6TGjIhJZKg0J59x459ygQ0xvV2H7kznoKMI5t837swB4\nGRjpLdoGdAMws1igFbC76rty5H52TDv27C9h+dbaP5r4ZF02lz69hFZxDXnzhuMZ1KVVrdcgIlKZ\nkJ1uMrMGwEUE9UeYWayZtfPmGwLnUN75DTAXmOLNXwB84pwL6X/xzxjUkaaNYnj2i4xQfsxPvJ68\nlWtnL6N3QnPeuP54urdtVqufLyJSVdUdAnuemWUCY4D3zGxe0OITga3OueDfwI2BeWa2ClhB+dHD\n096yZ4G2ZpYG/Bdwe3Vqq4rmjWOZemIv3l+9gzeXZYb64yj2B7hrbgq3vbGKMb3aMmfqGNq3CP3d\nY0VEjpaF+D/rIefz+Vxy8sGjaauu2B/gyue/4auM3dx8ahI3nHxMSC6w+zJtF3e/k8r67AKu+llP\nbj+zH41i9ZhREQkPM1vmnPNVtl69veL6e41jY3hmio/pb63h4Y838nryVq4Z24tzhnQioQp3gj2c\nAyV+FqzdyQtfbeabzXvpFh/Hs1N8jOvfoWaKFxEJsXp/JBFscfou7p+3nuXf5WIGI7rHM6JnG47t\n2poe7ZrRuXUczRsfOleL/QGycovYtGs/KzPLbx2+JGM3xf4yEuObMuX4Hlw2KjHibgMiIvVTVY8k\nFBKHkLazgHdWZvHxumzWZhUQCBoi26JxLE0bx9A4NoaYBkZhSYADJX4Kiv18/1dpBr3bN+eEpHac\nNqADo3q2JaaBHhAkIpFDIVFDCksCrNuRT+beQrbnFpKVV0RhSYCSQBn+MkdcwwY0bRRL66YN6dI6\nju5tmzGgc8sKjzhERCKB+iRqSFyjGI5LbMNxiW3CXYqISK3T8BoREamQQkJERCqkkBARkQopJERE\npEIKCRERqZBCQkREKqSQEBGRCikkRESkQlF/xbWZ5QBbwl1HDWkH7Ap3ETWoru0PaJ+iQV3bHwjN\nPnV3zlX6aM+oD4m6xMySq3KZfLSoa/sD2qdoUNf2B8K7TzrdJCIiFVJIiIhIhRQSkWVGuAuoYXVt\nf0D7FA3q2v5AGPdJfRIiIlIhHUmIiEiFFBK1xMwuNLMUMyszM99By+4wszQzW29mZwS1T/Da0szs\n9qD2nmb2tdf+qpk1qs19ORQzG2pmS8xshZklm9lIr93M7P+8WleZ2bCg90wxs43eNCV81VfMzH5j\nZuu87+6+oPYj+s4iiZn9zsycmbXzXkftd2Rm93vfzyoze8vMWgcti9rv6HsRUatzTlMtTEB/oC+w\nEPAFtQ8AVgKNgZ5AOhDjTelAL6CRt84A7z2vAZO9+SeBGyJg/z4CzvTmzwIWBs1/ABgwGvjaa48H\nMrw/23jzbcK9Hwft0ynAAqCx9zrhaL+zSJmAbsA8yq8talcHvqPTgVhv/l7g3mj/joL2LSJq1ZFE\nLXHOrXXOrT/EoonAHOdcsXNuE5AGjPSmNOdchnOuBJgDTDQzA04F3vDePws4N/R7UCkHtPTmWwHb\nvfmJwGxXbgnQ2sw6AWcA851ze5xze4H5wITaLroSNwB/d84VAzjndnrtR/SdhaHuw3kI+D3l39f3\novY7cs595Jzzey+XAF29+Wj+jr4XEbUqJMKvC7A16HWm11ZRe1sgN+gH4/v2cLsFuN/MtgIPAHd4\n7Ue6f5GkDzDWO7X3mZmN8Nqjcp/MbCKwzTm38qBFUbk/h3AV5UdEUDf2KSJq1TOua5CZLQA6HmLR\ndOfc27VdT0073P4B44DfOufeNLOLgGeB8bVZ39GoZJ9iKT/VMhoYAbxmZr1qsbwjVsn+3En56Zmo\nUpWfKzObDviBl2qztvpAIVGDnHNH80txG+Xnib/X1WujgvbdlJ8OiPWOJoLXD6nD7Z+ZzQameS9f\nB57x5ivav23AyQe1L6yhUquskn26AfiXKz9BvNTMyii/h86Rfme1pqL9MbPBlJ+bX1l+xpKuwLfe\nAIOo/Y4AzOwK4BxgnPddQQR/R0fgcPtQe8LdOVPfJn7acT2QH3ewZVDeYRXrzffkP51WA733vM6P\nO65vjID9Wguc7M2PA5Z582fz407RpV57PLCJ8g7RNt58fLj346B9uh6425vvQ/mhvx3NdxZpE7CZ\n/3RcR/N3NAFIBdof1F4XvqOIqDXsfxH1ZQLOo/ycYjGQDcwLWjad8lEM6/FGCHntZwEbvGXTg9p7\nAUsp74x7HW/0TZj37wRgmfcP+WtguNduwGPePqzmxwF5lbcPacCV4d6HQ+xTI+BFYA3wLXDq0X5n\nkTYdFBLR/B2leeG9wpuerCvfUaTUqiuuRUSkQhrdJCIiFVJIiIhIhRQSIiJSIYWEiIhUSCEhIiIV\nUkiIiEiFFBIiIlIhhYSIiFTo/wE5ydJyxylL/wAAAABJRU5ErkJggg==\n",
      "text/plain": [
       "<matplotlib.figure.Figure at 0x7f88e5d59b38>"
      ]
     },
     "metadata": {},
     "output_type": "display_data"
    }
   ],
   "source": [
    "plt.show()"
   ]
  },
  {
   "cell_type": "code",
   "execution_count": null,
   "metadata": {
    "collapsed": true
   },
   "outputs": [],
   "source": []
  }
 ],
 "metadata": {
  "kernelspec": {
   "display_name": "Python 3",
   "language": "python",
   "name": "python3"
  },
  "language_info": {
   "codemirror_mode": {
    "name": "ipython",
    "version": 3
   },
   "file_extension": ".py",
   "mimetype": "text/x-python",
   "name": "python",
   "nbconvert_exporter": "python",
   "pygments_lexer": "ipython3",
   "version": "3.5.2"
  }
 },
 "nbformat": 4,
 "nbformat_minor": 2
}
