{
 "cells": [
  {
   "cell_type": "code",
   "execution_count": 1,
   "metadata": {
    "collapsed": true
   },
   "outputs": [],
   "source": [
    "%load_ext autoreload\n",
    "%autoreload 2"
   ]
  },
  {
   "cell_type": "code",
   "execution_count": 18,
   "metadata": {
    "collapsed": true
   },
   "outputs": [],
   "source": [
    "import matplotlib.pyplot as plt\n",
    "import numpy as np\n",
    "\n",
    "import recov.censi\n",
    "import recov.registration_algorithm\n",
    "\n",
    "import recova.clustering\n",
    "import recova.covariance\n",
    "import recova.registration_result_database\n",
    "\n",
    "np.set_printoptions(precision=3, linewidth=100)"
   ]
  },
  {
   "cell_type": "code",
   "execution_count": 3,
   "metadata": {
    "collapsed": true
   },
   "outputs": [],
   "source": [
    "db = recova.registration_result_database.RegistrationPairDatabase('/home/dlandry/dataset/db_eth_05/')\n",
    "\n",
    "clustering = recova.clustering.DensityThresholdClusteringAlgorithm(k=18, threshold=1e5)\n",
    "cov_algo = recova.covariance.SamplingCovarianceComputationAlgorithm(clustering)"
   ]
  },
  {
   "cell_type": "code",
   "execution_count": 51,
   "metadata": {},
   "outputs": [
    {
     "name": "stderr",
     "output_type": "stream",
     "text": [
      "1\n",
      "Returning early\n"
     ]
    }
   ],
   "source": [
    "pair = db.get_registration_pair('plain', 16, 14)\n",
    "ref_cov = cov_algo.compute(pair)"
   ]
  },
  {
   "cell_type": "code",
   "execution_count": 52,
   "metadata": {},
   "outputs": [
    {
     "data": {
      "text/plain": [
       "array([[ 6.524e-07, -2.798e-08, -2.317e-07, -1.227e-09,  9.646e-08,  4.864e-08],\n",
       "       [-2.798e-08,  4.099e-07,  1.909e-08, -1.253e-07, -6.489e-09, -1.404e-07],\n",
       "       [-2.317e-07,  1.909e-08,  7.059e-07, -4.137e-08,  1.502e-07,  5.028e-09],\n",
       "       [-1.227e-09, -1.253e-07, -4.137e-08,  1.716e-07,  9.194e-09, -2.071e-08],\n",
       "       [ 9.646e-08, -6.489e-09,  1.502e-07,  9.194e-09,  1.793e-07,  8.619e-10],\n",
       "       [ 4.864e-08, -1.404e-07,  5.028e-09, -2.071e-08,  8.619e-10,  1.591e-07]])"
      ]
     },
     "execution_count": 52,
     "metadata": {},
     "output_type": "execute_result"
    }
   ],
   "source": [
    "cov"
   ]
  },
  {
   "cell_type": "code",
   "execution_count": 53,
   "metadata": {},
   "outputs": [
    {
     "name": "stderr",
     "output_type": "stream",
     "text": [
      "censi_estimate -reading /tmp/a989b2fb-1195-47dd-b612-29f3dbe97199.qpc -reference /tmp/e5349deb-af42-4222-8dfb-b9081596b64a.qpc -ground_truth '[[0.8380851034017177, 0.5451598205011418, 0.020393518416864438, 1.5120141307946344], [-0.540253336449096, 0.834572878317487, -0.10776773374811784, -0.47105651154902184], [-0.07576967772890773, 0.07930011090821552, 0.9939675418636368, 0.2167791583467187], [0.0, 0.0, 0.0, 1.0]]' -config '{errorMinimizer: PointToPlaneWithCovErrorMinimizer, inspector: NullInspector, logger: NullLogger,\n",
      "  matcher: {KDTreeMatcher: {knn: 3}}, outlierFilters: [{TrimmedDistOutlierFilter: {\n",
      "        ratio: 0.7}}], readingDataPointsFilters: [{SurfaceNormalDataPointsFilter: {\n",
      "        keepDensities: 1, keepEigenValues: 1, knn: 20}}, {RandomSamplingDataPointsFilter: {\n",
      "        prob: 0.75}}, {MaxDensityDataPointsFilter: {maxDensity: 50000}}], referenceDataPointsFilters: [\n",
      "    {SurfaceNormalDataPointsFilter: {keepDensities: 1, keepEigenValues: 1, knn: 20}},\n",
      "    {MaxDensityDataPointsFilter: {maxDensity: 50000}}], transformationCheckers: [\n",
      "    {CounterTransformationChecker: {maxIterationCount: 40}}, DifferentialTransformationChecker]}\n",
      "' -sensor_noise_std 0.0\n",
      "{'covariance': [[0.0, 0.0, 0.0, 0.0, 0.0, 0.0], [0.0, 0.0, 0.0, 0.0, 0.0, 0.0], [0.0, 0.0, 0.0, 0.0, 0.0, 0.0], [0.0, 0.0, 0.0, 0.0, 0.0, 0.0], [0.0, 0.0, 0.0, 0.0, 0.0, 0.0], [0.0, 0.0, 0.0, 0.0, 0.0, 0.0]], 'transform': [[0.835246004490323, 0.549452788611063, 0.0216219265051215, 1.52882057273926], [-0.544344651430747, 0.831764845353654, -0.108883379468926, -0.488085429179807], [-0.0778097975391277, 0.0791738708373282, 0.99381998182704, 0.224440418302072], [0.0, 0.0, 0.0, 1.0]]}\n",
      "censi_estimate -reading /tmp/382065f5-67c2-490b-8161-5f0e10eb92d2.qpc -reference /tmp/da1e7b21-ce5c-4bb6-bf11-3f6dcd051f79.qpc -ground_truth '[[0.8380851034017177, 0.5451598205011418, 0.020393518416864438, 1.5120141307946344], [-0.540253336449096, 0.834572878317487, -0.10776773374811784, -0.47105651154902184], [-0.07576967772890773, 0.07930011090821552, 0.9939675418636368, 0.2167791583467187], [0.0, 0.0, 0.0, 1.0]]' -config '{errorMinimizer: PointToPlaneWithCovErrorMinimizer, inspector: NullInspector, logger: NullLogger,\n",
      "  matcher: {KDTreeMatcher: {knn: 3}}, outlierFilters: [{TrimmedDistOutlierFilter: {\n",
      "        ratio: 0.7}}], readingDataPointsFilters: [{SurfaceNormalDataPointsFilter: {\n",
      "        keepDensities: 1, keepEigenValues: 1, knn: 20}}, {RandomSamplingDataPointsFilter: {\n",
      "        prob: 0.75}}, {MaxDensityDataPointsFilter: {maxDensity: 50000}}], referenceDataPointsFilters: [\n",
      "    {SurfaceNormalDataPointsFilter: {keepDensities: 1, keepEigenValues: 1, knn: 20}},\n",
      "    {MaxDensityDataPointsFilter: {maxDensity: 50000}}], transformationCheckers: [\n",
      "    {CounterTransformationChecker: {maxIterationCount: 40}}, DifferentialTransformationChecker]}\n",
      "' -sensor_noise_std 0.02\n",
      "{'covariance': [[2.78621092683742e-08, 5.24657702478533e-09, 2.82259450061042e-09, 5.0892989276312e-10, -4.88880795920984e-10, -4.30883298571414e-09], [5.24657702478533e-09, 3.22434488189683e-08, 2.34419933154007e-09, 1.43666473330726e-09, -1.7559703812408e-10, -6.33549320286487e-10], [2.82259450061042e-09, 2.34419933154007e-09, 3.26417598794372e-09, 5.93752929483188e-10, 8.8144507287034e-10, -4.49598218487841e-10], [5.0892989276312e-10, 1.43666473330726e-09, 5.93752929483188e-10, 3.30117342397928e-10, 1.60406433433875e-10, -9.86640695938248e-11], [-4.88880795920984e-10, -1.7559703812408e-10, 8.8144507287034e-10, 1.60406433433875e-10, 5.82645415141649e-10, 2.02471850250845e-11], [-4.30883298571414e-09, -6.33549320286487e-10, -4.49598218487841e-10, -9.86640695938248e-11, 2.02471850250845e-11, 1.30287061420891e-09]], 'transform': [[0.835246004490323, 0.549452788611063, 0.0216219265051215, 1.52882057273926], [-0.544344651430747, 0.831764845353654, -0.108883379468926, -0.488085429179807], [-0.0778097975391277, 0.0791738708373282, 0.99381998182704, 0.224440418302072], [0.0, 0.0, 0.0, 1.0]]}\n",
      "censi_estimate -reading /tmp/361f70dc-e90d-473e-9d74-8ae5f3eee47b.qpc -reference /tmp/99559c27-3206-4e9d-b13d-35b7760f2520.qpc -ground_truth '[[0.8380851034017177, 0.5451598205011418, 0.020393518416864438, 1.5120141307946344], [-0.540253336449096, 0.834572878317487, -0.10776773374811784, -0.47105651154902184], [-0.07576967772890773, 0.07930011090821552, 0.9939675418636368, 0.2167791583467187], [0.0, 0.0, 0.0, 1.0]]' -config '{errorMinimizer: PointToPlaneWithCovErrorMinimizer, inspector: NullInspector, logger: NullLogger,\n",
      "  matcher: {KDTreeMatcher: {knn: 3}}, outlierFilters: [{TrimmedDistOutlierFilter: {\n",
      "        ratio: 0.7}}], readingDataPointsFilters: [{SurfaceNormalDataPointsFilter: {\n",
      "        keepDensities: 1, keepEigenValues: 1, knn: 20}}, {RandomSamplingDataPointsFilter: {\n",
      "        prob: 0.75}}, {MaxDensityDataPointsFilter: {maxDensity: 50000}}], referenceDataPointsFilters: [\n",
      "    {SurfaceNormalDataPointsFilter: {keepDensities: 1, keepEigenValues: 1, knn: 20}},\n",
      "    {MaxDensityDataPointsFilter: {maxDensity: 50000}}], transformationCheckers: [\n",
      "    {CounterTransformationChecker: {maxIterationCount: 40}}, DifferentialTransformationChecker]}\n",
      "' -sensor_noise_std 0.04\n",
      "{'covariance': [[1.07949788841019e-07, 2.0853550710791e-08, 9.47874483930951e-09, 1.97219889203135e-09, -2.17407373204502e-09, -1.71944961900616e-08], [2.0853550710791e-08, 1.28914416013756e-07, 9.27222660483982e-09, 5.55732676377542e-09, -8.08507448338423e-10, -2.24481407907407e-09], [9.47874483930951e-09, 9.27222660483982e-09, 1.27892692416654e-08, 2.4009979746983e-09, 3.52693316384522e-09, -1.42943786689534e-09], [1.97219889203135e-09, 5.55732676377542e-09, 2.4009979746983e-09, 1.30978790643728e-09, 6.36592673997196e-10, -3.11851550107507e-10], [-2.17407373204502e-09, -8.08507448338423e-10, 3.52693316384522e-09, 6.36592673997196e-10, 2.30684636430389e-09, 1.51034192733811e-10], [-1.71944961900616e-08, -2.24481407907407e-09, -1.42943786689534e-09, -3.11851550107507e-10, 1.51034192733811e-10, 5.35747642488867e-09]], 'transform': [[0.835246004490323, 0.549452788611063, 0.0216219265051215, 1.52882057273926], [-0.544344651430747, 0.831764845353654, -0.108883379468926, -0.488085429179807], [-0.0778097975391277, 0.0791738708373282, 0.99381998182704, 0.224440418302072], [0.0, 0.0, 0.0, 1.0]]}\n",
      "censi_estimate -reading /tmp/e0e398d2-e6f9-40f9-93d3-b136d7fa1bd1.qpc -reference /tmp/a41580d8-89b2-4593-8987-28b877c45fc5.qpc -ground_truth '[[0.8380851034017177, 0.5451598205011418, 0.020393518416864438, 1.5120141307946344], [-0.540253336449096, 0.834572878317487, -0.10776773374811784, -0.47105651154902184], [-0.07576967772890773, 0.07930011090821552, 0.9939675418636368, 0.2167791583467187], [0.0, 0.0, 0.0, 1.0]]' -config '{errorMinimizer: PointToPlaneWithCovErrorMinimizer, inspector: NullInspector, logger: NullLogger,\n",
      "  matcher: {KDTreeMatcher: {knn: 3}}, outlierFilters: [{TrimmedDistOutlierFilter: {\n",
      "        ratio: 0.7}}], readingDataPointsFilters: [{SurfaceNormalDataPointsFilter: {\n",
      "        keepDensities: 1, keepEigenValues: 1, knn: 20}}, {RandomSamplingDataPointsFilter: {\n",
      "        prob: 0.75}}, {MaxDensityDataPointsFilter: {maxDensity: 50000}}], referenceDataPointsFilters: [\n",
      "    {SurfaceNormalDataPointsFilter: {keepDensities: 1, keepEigenValues: 1, knn: 20}},\n",
      "    {MaxDensityDataPointsFilter: {maxDensity: 50000}}], transformationCheckers: [\n",
      "    {CounterTransformationChecker: {maxIterationCount: 40}}, DifferentialTransformationChecker]}\n",
      "' -sensor_noise_std 0.06\n",
      "{'covariance': [[2.51525977876703e-07, 4.43105538563154e-08, 2.53954040147298e-08, 4.84038371645362e-09, -3.33498506631666e-09, -3.83325990784086e-08], [4.43105538563154e-08, 2.87681372616727e-07, 2.3228425499947e-08, 1.36018207118867e-08, -6.93024527043457e-10, -5.72629127157806e-09], [2.53954040147298e-08, 2.3228425499947e-08, 3.00862617511856e-08, 5.56551245148959e-09, 8.335106304339e-09, -4.22317089821258e-09], [4.84038371645362e-09, 1.36018207118867e-08, 5.56551245148959e-09, 3.00330211499466e-09, 1.50329208356314e-09, -9.6262107622504e-10], [-3.33498506631666e-09, -6.93024527043457e-10, 8.335106304339e-09, 1.50329208356314e-09, 5.36209149106465e-09, -3.28491284655605e-11], [-3.83325990784086e-08, -5.72629127157806e-09, -4.22317089821258e-09, -9.6262107622504e-10, -3.28491284655605e-11, 1.17652406244164e-08]], 'transform': [[0.835246004490323, 0.549452788611063, 0.0216219265051215, 1.52882057273926], [-0.544344651430747, 0.831764845353654, -0.108883379468926, -0.488085429179807], [-0.0778097975391277, 0.0791738708373282, 0.99381998182704, 0.224440418302072], [0.0, 0.0, 0.0, 1.0]]}\n",
      "censi_estimate -reading /tmp/2f1a7676-9b23-4973-8160-1c41701f4d23.qpc -reference /tmp/7520488d-fd58-43f6-9f76-8a1fb0d80226.qpc -ground_truth '[[0.8380851034017177, 0.5451598205011418, 0.020393518416864438, 1.5120141307946344], [-0.540253336449096, 0.834572878317487, -0.10776773374811784, -0.47105651154902184], [-0.07576967772890773, 0.07930011090821552, 0.9939675418636368, 0.2167791583467187], [0.0, 0.0, 0.0, 1.0]]' -config '{errorMinimizer: PointToPlaneWithCovErrorMinimizer, inspector: NullInspector, logger: NullLogger,\n",
      "  matcher: {KDTreeMatcher: {knn: 3}}, outlierFilters: [{TrimmedDistOutlierFilter: {\n",
      "        ratio: 0.7}}], readingDataPointsFilters: [{SurfaceNormalDataPointsFilter: {\n",
      "        keepDensities: 1, keepEigenValues: 1, knn: 20}}, {RandomSamplingDataPointsFilter: {\n",
      "        prob: 0.75}}, {MaxDensityDataPointsFilter: {maxDensity: 50000}}], referenceDataPointsFilters: [\n",
      "    {SurfaceNormalDataPointsFilter: {keepDensities: 1, keepEigenValues: 1, knn: 20}},\n",
      "    {MaxDensityDataPointsFilter: {maxDensity: 50000}}], transformationCheckers: [\n",
      "    {CounterTransformationChecker: {maxIterationCount: 40}}, DifferentialTransformationChecker]}\n",
      "' -sensor_noise_std 0.08\n"
     ]
    },
    {
     "name": "stderr",
     "output_type": "stream",
     "text": [
      "{'covariance': [[4.25346692043168e-07, 7.99776288440026e-08, 4.90495257373737e-08, 1.01353231514732e-08, -5.38193187744196e-09, -6.47178687943509e-08], [7.99776288440026e-08, 4.96347999763475e-07, 3.77819510503039e-08, 2.2792906823682e-08, -1.92256043237625e-09, -1.1381488293832e-08], [4.90495257373737e-08, 3.77819510503039e-08, 5.33644424438714e-08, 9.77604500283499e-09, 1.46398184401449e-08, -7.8234867128723e-09], [1.01353231514732e-08, 2.2792906823682e-08, 9.77604500283499e-09, 5.26242615195773e-09, 2.5752718113818e-09, -1.91483736655966e-09], [-5.38193187744196e-09, -1.92256043237625e-09, 1.46398184401449e-08, 2.5752718113818e-09, 9.37918979006592e-09, -6.78992671747372e-11], [-6.47178687943509e-08, -1.1381488293832e-08, -7.8234867128723e-09, -1.91483736655966e-09, -6.78992671747372e-11, 2.01133233989518e-08]], 'transform': [[0.835246004490323, 0.549452788611063, 0.0216219265051215, 1.52882057273926], [-0.544344651430747, 0.831764845353654, -0.108883379468926, -0.488085429179807], [-0.0778097975391277, 0.0791738708373282, 0.99381998182704, 0.224440418302072], [0.0, 0.0, 0.0, 1.0]]}\n",
      "censi_estimate -reading /tmp/1dc757d4-948b-4bd8-9c01-7c7906a3cc09.qpc -reference /tmp/87e60d61-0458-4800-948d-47fca11729c1.qpc -ground_truth '[[0.8380851034017177, 0.5451598205011418, 0.020393518416864438, 1.5120141307946344], [-0.540253336449096, 0.834572878317487, -0.10776773374811784, -0.47105651154902184], [-0.07576967772890773, 0.07930011090821552, 0.9939675418636368, 0.2167791583467187], [0.0, 0.0, 0.0, 1.0]]' -config '{errorMinimizer: PointToPlaneWithCovErrorMinimizer, inspector: NullInspector, logger: NullLogger,\n",
      "  matcher: {KDTreeMatcher: {knn: 3}}, outlierFilters: [{TrimmedDistOutlierFilter: {\n",
      "        ratio: 0.7}}], readingDataPointsFilters: [{SurfaceNormalDataPointsFilter: {\n",
      "        keepDensities: 1, keepEigenValues: 1, knn: 20}}, {RandomSamplingDataPointsFilter: {\n",
      "        prob: 0.75}}, {MaxDensityDataPointsFilter: {maxDensity: 50000}}], referenceDataPointsFilters: [\n",
      "    {SurfaceNormalDataPointsFilter: {keepDensities: 1, keepEigenValues: 1, knn: 20}},\n",
      "    {MaxDensityDataPointsFilter: {maxDensity: 50000}}], transformationCheckers: [\n",
      "    {CounterTransformationChecker: {maxIterationCount: 40}}, DifferentialTransformationChecker]}\n",
      "' -sensor_noise_std 0.1\n",
      "{'covariance': [[6.81838721998693e-07, 1.38790504418525e-07, 7.01400312707104e-08, 1.31305631386835e-08, -9.34085141748922e-09, -1.06381835866259e-07], [1.38790504418525e-07, 8.035094998436e-07, 6.40583702321075e-08, 3.64090250997244e-08, -3.85041581879537e-09, -1.73196310049514e-08], [7.01400312707104e-08, 6.40583702321075e-08, 8.2030638602418e-08, 1.54068122894088e-08, 2.27769136511735e-08, -1.04389769142634e-08], [1.31305631386835e-08, 3.64090250997244e-08, 1.54068122894088e-08, 8.31569562543165e-09, 4.34374378965114e-09, -2.25558282369721e-09], [-9.34085141748922e-09, -3.85041581879537e-09, 2.27769136511735e-08, 4.34374378965114e-09, 1.45200627924761e-08, 4.60466047452448e-10], [-1.06381835866259e-07, -1.73196310049514e-08, -1.04389769142634e-08, -2.25558282369721e-09, 4.60466047452448e-10, 3.26198833113517e-08]], 'transform': [[0.835246004490323, 0.549452788611063, 0.0216219265051215, 1.52882057273926], [-0.544344651430747, 0.831764845353654, -0.108883379468926, -0.488085429179807], [-0.0778097975391277, 0.0791738708373282, 0.99381998182704, 0.224440418302072], [0.0, 0.0, 0.0, 1.0]]}\n"
     ]
    }
   ],
   "source": [
    "icp_algo = recov.registration_algorithm.IcpAlgorithm()\n",
    "\n",
    "noise_levels = np.linspace(0.0, 0.1, 6)\n",
    "censi_covariances = np.empty((len(noise_levels), 6, 6))\n",
    "for i, level in enumerate(noise_levels):\n",
    "    censi_covariances[i] = recov.censi.censi_estimate_from_points(pair.points_of_reading(), pair.points_of_reference(), pair.transform(), icp_algo, sensor_noise_std=level)"
   ]
  },
  {
   "cell_type": "code",
   "execution_count": 54,
   "metadata": {},
   "outputs": [
    {
     "name": "stdout",
     "output_type": "stream",
     "text": [
      "0.026378300025084574\n"
     ]
    }
   ],
   "source": [
    "print(np.trace(ref_cov))"
   ]
  },
  {
   "cell_type": "code",
   "execution_count": 55,
   "metadata": {},
   "outputs": [
    {
     "data": {
      "image/png": "iVBORw0KGgoAAAANSUhEUgAAAfsAAAEWCAYAAABhUT6OAAAABHNCSVQICAgIfAhkiAAAAAlwSFlz\nAAALEgAACxIB0t1+/AAAIABJREFUeJzt3Xm8XeO9x/HPV+aQgSRURAYESchAjA0lhqCV4GqpudTQ\nXtVUW8WlzdVq6USp1nzNQikNWrPUPAQxSwVBUjRijDnyu388zzn22WefKSc5e5/t+3699muvtZ41\n/J41/da091JEYGZmZtVruXIHYGZmZsuWk72ZmVmVc7I3MzOrck72ZmZmVc7J3szMrMo52ZuZmVW5\ndpXsJZ0p6fhyx9EWJP1D0v7ljqOaSFooaY1yx2HlJWkLSbPKOP1jJZ1brumXsqz3N5LmSNq2mf16\nO10GmpXsJe0laUZeCK/mFWPcsg6uWEQcFhE/b+vplkNE7BgRF7ZmHJIOkHT30oqpvYuIFSLihXLH\nUQkkbSVpbrnjaIikKZI+zfuctyXdK2mzpTHuiLgrItZpZgyXtGZapeZzRPwyIr7dmvE2MK0DJH2W\n59m7kmZK+lpzhl0a+5ulpTXbqZKTJS3In5MlqaB8tKSHJX2Qv0cXlG0t6Q5J70ia08D4vy/pRUnv\nS3pG0tqNxDI4j+8DSc8WH+xI+oGk1/KyOl9Sl4Kyn0t6QtIiSVMamcb5kkLSWk3NmyaTvaQjgVOB\nXwKrAAOBPwGTmhp2aZLUoS2nZ+WVN9p2deWpNSR1LHcMLdFG8V4RESsAfYE7gL+0wTSbrULX0fvy\nPOsNnAdcKWnF1oywna2bhwC7AKOAkcDOwKEAkjoDfwMuAVYELgT+lrsDvA+cD/y41IglfRs4CPgq\nsALwNeCNRmK5HHgU6AP8D3CVpH55XBOAo4FtgEHAGsD/Fgw7GzgKuKGhkecT7jUbmX5dEdHgB+gF\nLAS+3kg/XUgHA//On1OBLrnsGeBrBf12BOYDG+T2vwCvAe8AdwIjCvq9APgz8HfSQtg2d/tFLl8R\nuD6P763cPKBg+OnAz4F7gPeAm4G+BeXjgHuBt4FXgAMK6vNb4GXgdeBMoFsDdV8TuB1YQFrolwK9\nC8o3IC3s93Jdr2hh/N/OzQcAd+e43gJeBHYs6PcA4IU8nReBvYFhwEfAZ3kZvt1AHeoNW1B2YF6G\nbwE3AYMKygI4DHguz8MzAOWytYB/5uX6BmmnXTPc5sBDuewhYPOiOp+Yl9mHwFol4p0D/Ah4PI/j\nCqBrQfnBpA3lTWAa0L8o5rVy807A07ne84AfFfT3NWBmrte9wMhG1v8Ajsjz8A3gN8ByzVw/5gA/\nyXX5mLR9HA08n+N6Gti1aFndA5ySY3shz88DSOvwf4D9i7bNeusysHyev4vzurEQ6E86+K+Z/gLg\nSmClPK7Bua4H5fHd2cD8aGr+l1xnSoxnCnBJQfvwPHy/5iwnGt/2tgLmFvT7k7wOvAfMIu2AdwA+\nAT7N8+exhtZR4Fuk7eS9vEwOzf02NJ+L6zYReCrXYzowrLnre4lt+e6C9uXzPBtLy/c3NevZgpr5\n1kSumAJcleN7D3gEGFVUj21z88bAfbm+rwJ/BDo3sJ1ekNeTG/J4HwDWbCSOe4FDCtoPAu7Pzdvn\n5ayC8peBHYrGsS0wp6jbcqRtbJum5kXuf23SNt2joNtdwGG5+TLglwVl2wCvlRjPJcCUEt07ktbv\nkYXzq9GYmgh4B2AR0LGRfk4A7gdWBvrlmf3zXPZT4NKCfr8KPFPQfiDQg88PGGYWlF2QV+4v5xnd\nlbrJvg/wX0D3PI6/ANcWrbzP55neLbeflMsG5RXnm0CnPK7RuewU0k5qpTze64BfNVD3tYDtcvz9\nSAcsp+ayzsBLwPfzNHYj7TxaEn/hxvcpaUfaAfgO6cBKpA36XWCd3O+q5IMmijb+EvE3Nuwk0k57\nWF6xjgPuLdogryedQQwk7UR2yGWXk45ka5bbuNx9JdKOZt88zm/m9j4FdX4ZGJHLO5WIeQ7wIGmn\nuRJpJ1uzAY0nJdUN8jI5nYKkRN2dyKvAFrl5RT4/AB1DSpqb5Hm9f55mlwbmYZDOOlfK8+FfBcut\nwfWjoC4zgdXJB5TA1/k88e5BOtBdtWB5LiIllw7AL/L8OiNPY3vSer1CU+syRQkvd/s+aVsekMd3\nFnB5Lhuc63oRab2pdwDczPlfcp0pMa4p5IRI2pZOyuPu2NRyoultr7buwDqknXj/gnquWRxD0XZZ\nZx0l7dfWJG2PXwE+4PP1qdR8Lqzb2nkZb5fHdRRpu+vc1PpeYp4dQN7ec2zfz+tDL1q+v1kEfC+P\np1teXm8DAxtZXp8Cu+d6/Ih08tCpoB41yX5DYNM87sG5TpMb2E4vIB1wbJz7vxSY2sg+7R1gk4L2\nscB7ufkHwD+K+r8e+GFRt1LJfmCO6/t5fXmRdCa+XANx7EpBrsvd/gicnpsfA/YoKOubx9+naJiG\nkv2PgT8Uz6/GPk0l+70pcbRR1M/zwE4F7RNqZhRpZ/ce0D23Xwr8tIHx9M5B9ypYyBcV9XMBDRxl\nAqOBt4pW3uMK2r8L3JibjwGuKTEOkTa8NQu6bQa82NSMzP3uAjyam7ek/lHk3S2Mv3Djm11Q1j3P\nqy+RdrxvkzbkbkXjPICmk31Dw/4DOKigfTnSTmxQwQo2rqD8SuDo3HwRcDYFZw65+77Ag0Xd7uPz\nqyrTgROamMdzgH0K2n8NnJmbzwN+XVC2AmkHNLh4oyDtsA8FehaN/8/kg9WCbrOArzQQT1CQsPJ6\ndltT60dBXQ5sor4zgUkFy/O5grL18/RXKei2IK9Lja7LlE5Cz1Bw5kI6+PuUz3fKAazRSKzNmf8l\n15kS45pCStBvk65OLQC2as5yooltj7rJfi3SQcO2FB1c0nCyb2odvRb4fiPzuXa8wPHAlUXb2bya\nutLI+l5iugeQkvTbpAOj+8kJtkS/Te1vXm6sjg0sr/uL6lF4QD2nkVgmU7A/pn6yP7egbCfg2Ubi\n+AxYt6B9aB6f8ryeWtT/pRQlU0on+83zeG4g5arBpAP7gxuIY9/C+ZG7nQhckJufp+5+o1Me/+Ci\nYeole9LJwWw+z5XNSvZN3W9aAPRt4p5Nf9JRdI2XcjciYjZpB7KzpO6ky1WXQboHL+kkSc9Lepe0\nMkA6wqnxSkMTldRd0lmSXsrD3wn0Lrq3/1pB8weknQ+kmfV8idH2IyXSh/NDQW8DN+bupWJYRdJU\nSfNyDJcUxN8fmBd5aRTXp5nxF6qtS0R8kBtXiIj3SWeAhwGvSrpB0roNjKOOJoYdBPyhYD68Sdpg\nVisVE3Xn71G53wclPSXpwNy9eF0htxeOs8Fl3ozp1hl/RCwkrcOF46/xX6Qdx0uS/lnw8Ncg4Ic1\n9c51Xz2PuyGFMdeu/02sH6WGRdJ++cGqmmmvVzTM6wXNH+Z6FndbgRauywV1v6ag/2dIO89VGoq3\nSHPmf0PLrpQrI6J3nv6TpDPCwlgbWk6NbnuF8j5qMilZ/Scvr8aWdb1xSdpR0v2S3sxx7ET95dyQ\n4nm2OI9/SefZ/RHROyL6RsSmEXFrjrGl+5vmbIcNDpPrMZcS242ktSVdX/NwGul5sMbmV8n6K/2q\nYWH+nJnLFwI9C/rvCSzM60JxWU35e82o24f5+9cR8XZEzCFd+dopx/JUQSxbNGNapeKkmbGcSjrg\nfKcZ/dZqKtnfR7rvsEsj/fybtOHVGJi71bicdLl2EvB03rgA9srdtiVdZhqcu6tg2MKNtdgPSZfg\nNomInqSj+eLhG/IKpR9seIO0UEfkDaZ3RPSK9MBLKb/MMa6fY9inYPqvAqtJKoxn9aUUfx0RcVNE\nbEc6E3sWOKemqBXDvkK699i74NMtIu5txjhfi4iDI6I/6ez5T/lp0eJ1BdL6Mq9w8KbG34g645e0\nPOny5bziHiPioYiYRLr9dC3pLBNSvU8sqnf3iLi8kekWLtfC9b+x9aM2lIJ4B5Hm/+Gky3m9SUmu\nxesETa/LpebzK6RnQQrr3jUimrt8mj3/WyIi3iA9eDVF0qoFsTa0nJra9orHf1lEjMuxB3ByTVFD\ng9Q05CeoryY9G7FKXmZ/5/Nl1tT6XDzPlGNt1TwroaX7myXZDmvncX5wcQB1c0GNP5P2NUNzLMc2\nEkeDIv2qYYX8OSx3for0cF6NUblbTdnIovViZEF5Y2aRrjQVzpfa5ogYURDLXXmca0jq0UgsxXG+\nHhELmhHLNsBv8sFSzYHQfZL2amygRpN9PnL4KXCGpF3y0WGnfCT769zb5cBxkvpJ6pv7L/y5ylTS\nvcTvkM/qsx6kA4kFpDOQXzajkoV6kHZmb0taCfhZC4a9FNhW0jckdZTUR9LofDR6DnCKpJUBJK2W\nn5xsKIaFwDuSVqPuU5z3kc6KDs/TmES677Q04q+Vzx4n5R3rxzmexbn4dWBAwdOmLRn2TOAYSSNy\nv70kfb2ZMX1d0oDc+hZpo1hM2gmurfRTzo6S9iA9eHV9C6vdkMuBbyn9vKYLaZ16IB+FF8bXWdLe\nknpFxKek5xZq6n0OcJikTZQsL+mrRRttsR9LWlHS6qR7elfk7o2tH6XUPFA1P8f5LdKZfYs1Y11+\nHegjqVfBYGcCJ+aDDvI23ZJf3TRr/i+JiJhFekj0qNypseXU1LZXS9I6ksbneD/i8wfqIM2jwWr8\nifvOpOcE5gOLJO1I2t/VKDWfC10JfFXSNpI6kZLyx6Rnn5ampbK/acKGknZTuhI8mVSP+xuI5V1g\nodKVxO8sxRguAo7M63p/0vy8IJdNJ60XR0jqIunw3P12SAcokrqSLqlLUteafWe+mnoFcJSkHnn/\ndggN7Lsi4l+kW3A/y+PZlXRgcXVBnAdJGi6pN+mZqJo4yXm2KylHd8zjqLkKszbp4GB0/kD61cE1\njc2YJn82EhG/A47MwcwnHVEfTjobgvSQ0AzS06JPkJ7C/EXB8K+SNr7N+XwnWFPZl0hHsE9TeqVo\nzKmkB0dq7k3d2NwBI+Jl0uWXH5IuT8/k86Osn5Duh9yvdInpVtIRcSn/S3oY6R3SvZy/FkzjE9KD\nQQeR7qHtQ1oxPm5t/EWWIy2ff+e6fIXPN57bSUeQr0kq9RORBoeNiGtIZzhT83x4EtixmTFtBDwg\naSHpAbHvR8QL+aj1a6T5voC04/5aPnNrtXzJ8njSBvUq6erNng30vi8wJ9ftMNLzKUTEDNKDkH8k\nHajMJt3DbMzfgIdJ69ENpHvX0Mj60UD8TwO/I20vr5Puyd/TxLQb0+C6HBHPkpLzC0qXwfsDfyAt\nr5slvUdaLzdp7sRaOP+XxG+AQySt3Nhyasa2V6gLnz/89xrpSs8xuazmp34LJD1SKqCIeI/0a4wr\ncxx7keZhTXmp+Vw4/Kwc3+k5hp2BnXMdlqZW7W8kDVS6RD2wkd7+RrotWPMQ7m75YLrYj0jz6T3S\nQdsVJfpZUmeRHkR9grTPuiF3q1kvdgH2I60XBwK7FMzrLUkHRH8nXaH7kPQrrhqHkw7e/03aRi8j\n/VSvIXuSHhB8i7SO7R4R83MsN5Kev7iD9PzQS9Q9ADsnT/+bpIedPyTNUyLiP/nq6WsRUXNm/0ZE\nfEgjan4qZW1A0gOkh2v+r9yx2NIhKUiXI2c32bOVjbe9ZUvpj1/Wioh9yh2LlVZpfwhRVSR9RdKX\n8qXE/UmXcZb0DN7Mmsnbnlld7emfkdqjdUiX95Yn/dnG7vm2hpktW972zAr4Mr6ZmVmV82V8MzOz\nKufL+MtI3759Y/DgweUOw8ysXXn44YffiIjG/vzJloCT/TIyePBgZsyYUe4wzMzaFUnF/7JpS4Ev\n45uZmVU5J3szM7Mq52RvZmZW5ZzszczMqpyTvZmZWZVzsjczM6tyTvZmZmZVzr+zX0ZmzZrFVltt\nVe4wzMzMfGZvZmZW7Xxmv4yss846TJ8+vdxhmJm1K5LKHUJV8pm9mZlZlXOyNzMzq3JO9mZmZlXO\nyd7MzKzKOdmbmZlVuapL9pJ2kDRL0mxJR5co7yLpilz+gKTBuft2kh6W9ET+Hl8wzPQ8zpn5s3Lb\n1cjMzKx1quqnd5I6AGcA2wFzgYckTYuIpwt6Owh4KyLWkrQncDKwB/AGsHNE/FvSesBNwGoFw+0d\nETPapCJmZmZLUbWd2W8MzI6IFyLiE2AqMKmon0nAhbn5KmAbSYqIRyPi37n7U0A3SV3aJGozM7Nl\nqNqS/WrAKwXtc6l7dl6nn4hYBLwD9Cnq57+ARyLi44Ju/5cv4R8v/+uDmZm1I9WW7FtN0gjSpf1D\nCzrvHRHrA1vkz74NDHuIpBmSZsyfP3/ZB2tmZtYM1Zbs5wGrF7QPyN1K9iOpI9ALWJDbBwDXAPtF\nxPM1A0TEvPz9HnAZ6XZBPRFxdkSMjYix/fr1WyoVMjMza61qS/YPAUMlDZHUGdgTmFbUzzRg/9y8\nO3B7RISk3sANwNERcU9Nz5I6SuqbmzsBXwOeXMb1MDMzW2qqKtnne/CHk56kfwa4MiKeknSCpIm5\nt/OAPpJmA0cCNT/POxxYC/hp0U/sugA3SXocmEm6MnBO29XKzMysdRQR5Y6hKo0dOzZmzPAv9czM\nWkLSwxExttxxVJuqOrM3MzOz+pzszczMqpyTvZmZWZVzsjczM6tyTvZmZmZVzsnezMysyjnZm5mZ\nVTknezMzsyrnZG9mZlblnOzNzMyqnJO9mZlZlXOyNzMzq3JO9mZmZlXOyd7MzKzKOdmbmZlVOSd7\nMzOzKudkb2ZmVuWc7M3MzKpcxSZ7SVuV6LZ3GUIxMzNr1yo22QMnSjpdUjdJ/SRdA3y93EGZmZm1\nN5Wc7LcA5gGPAvcCf42IXcobkpmZWftTycm+JzAKmAt8CqwiSeUNyczMrP2p5GT/IHBHRGwLbASs\nAdxV3pDMzMzan47lDqAR20fEHICIeB/4rqTx5Q3JzMys/am4ZC9paEQ8B/SUNLKo+I1yxGRmZtae\nVVyyB44GDgLOKFEWwJZtG46ZmVn7VnHJPiIOkrQc8OOIuL/c8ZiZmbV3FfmAXkQsBs4sdxxmZmbV\noCKTfXaHpEnlDsLMzKy9q+RkfwBwjaQPJb0p6S1JbzZnQEk7SJolabako0uUd5F0RS5/QNLg3H07\nSQ9LeiJ/jy8YZsPcfbak0/ybfzMzay8qOdn3BToBKwD9cnu/pgaS1IH0cN+OwHDgm5KGF/V2EPBW\nRKwFnAKcnLu/AewcEesD+wMXFwzzZ+BgYGj+7LBk1TIzM2tblZzs/xERnxV+gH80Y7iNgdkR8UJE\nfAJMBYpvB0wCLszNVwHbSFJEPBoR/87dnwK65asAqwI9I+L+iAjgIsB/3WtmZu1CxSV7SZ0l9ST9\nPW4PST3zZwAwsBmjWA14paB9bu5Wsp+IWAS8A/Qp6ue/gEci4uPc/9wmxomkQyTNkDRj/vz5zQjV\nzMxs2au4n94B/w0cCaxMOruuuTf+Lm30hL6kEaRL+9u3ZLiIOBs4G2Ds2LGxDEIzMzNrsYpL9hFx\nCnCKpMkRceoSjGIesHpB+4DcrVQ/cyV1BHoBCwDyFYRrgP0i4vmC/gc0MU4zM7OKVHHJvkZEnCpp\nXdJDdl0Lul/WxKAPAUMlDSEl5D2BvYr6mUZ6AO8+YHfg9ogISb2BG4CjI+Kegmm+KuldSZsCDwD7\nAae3qoJmZmZtpOLu2deQdBzpkviZpCfrTyUl5kble/CHAzcBzwBXRsRTkk6QNDH3dh7QR9Js0i2D\nmp/nHQ6sBfxU0sz8WTmXfRc4F5gNPE/zHhY0MzMrO6WHyyuPpCeA0aSH5EblJ+IviIgJZQ6tWcaO\nHRszZswodxhmZu2KpIcjYmy546g2FXtmD3yYf263SFIP4DVgUJljMjMza3cq9p498Gi+h34+MIP0\nNP6D5Q3JzMys/anYZB8Rh+bGMyTdRPpTm0fKGZOZmVl7VLHJHiD/ze1gcpySBkTEtLIGZWZm1s5U\nbLKXdA4wFngaWJw7B+lnc2ZmZtZMFZvsgXHA8KjUnwuYmZm1E5X8NP4DwNrlDsLMzKy9q+Qz+/OA\nByTNAz4m/Ud+RMQG5Q3LzMysfankZH8+cCDwBJ/fszczM7MWquRkvyAi/lruIMzMzNq7Sk72MyRd\nBFxHuowPgH96Z2Zm1jKVnOx75e+JBd380zszM7MWqthkHxH7ljsGMzOzalDJP70zMzOzpcDJ3szM\nrMo52ZuZmVW5ik32kvpJOkvS9bl9uKQDyhyWmZlZu1OxyR64APgnsHpufw74YdmiMTMza6cqOdmv\nHBGXkf89LyI+xf+kZ2Zm1mKVnOzfl7QS6bf1SNoIeLe8IZmZmbU/Ffs7e+BHpH/PW0PSP4HVgN3L\nG5KZmVn7U7HJPiJmSNoaGEZ6493TEfFJmcMyMzNrdyr2Mr6kw4DuEfFYRMwElpd0SLnjMjMza28q\nNtkDh0XE2zUtEfEW8J0yxmNmZtYuVXKy71DYImk5oFOZYjEzM2u3KvaePXCLpMuBM3P7YcCtZYzH\nzMysXarkZP9j4LvAD3L7LcBZ5QvHzMysfarYZB8RnwGn54+ZmZktoYq9Zy9pU0n/kPS0pH/VfJox\n3A6SZkmaLenoEuVdJF2Ryx+QNDh37yPpDkkLJf2xaJjpeZwz82flpVVPMzOzZa1iz+yB/wOOAh4G\nPmvOAJI6AGcA2wFzgYckTYuIpwt6Owh4KyLWkrQncDKwB/ARcDywXv4U2zsiZixpZcyqzaeffsrc\nuXP56KOPyh2KtUNdu3ZlwIABdOrk567bQiUn+3cj4roWDrMxMDsiXgCQNBWYBBQm+0nAlNx8FfBH\nSYqI94G7Ja3VurDNvhjmzp1Ljx49GDx4MJLKHY61IxHBggULmDt3LkOGDCl3OF8IFXsZH7hd0q8k\nbSRpZM2niWFWA14paJ+bu5XsJyIWAe8AfZoRz//lS/jHy3s2Mz766CP69OnjRG8tJok+ffr4qlAb\nquQz+3FF35BeirNlGWLZOyLmSeoBXA3sC1xU3FP+h79DAAYOHNi2EZqVgRO9LSmvO22rYs/sI2KL\nEp+mEv08YPWC9gG5W8l+JHUEegELmohlXv5+D7iMdLugVH9nR8TYiBjbr1+/JkI1s6XhtddeY889\n92TNNddkww03ZKedduJf/2ryWd5mmTZtGieddNJSGZdZOVXymT2SJgAjgK413SLil40M8hAwVNIQ\nUlLfE9irqJ9pwP7AfaS36N0eEdFIDB2B3hHxhqROwNfwn/uYVYSIYNddd2X//fdn6tSpADz22GO8\n/vrrrL322q0e/8SJE5k4cWKrx2NWbhV7Zi/pT6SkfCTQDdgHaPThuXwP/nDgJuAZ4MqIeErSCZJq\nttjzgD6SZudx1/48T9Ic4PfAAZLmShoOdAFukvQ4MJN0EHHOUquomS2xO+64g06dOnHYYYfVdhs1\nahRbbLEFv/nNb9hoo40YOXIkP/vZzwCYM2cOw4YN4+CDD2bEiBFsv/32fPjhhwCcdtppDB8+nJEj\nR7LnnnsCcMEFF3D44Ye3fcXMlrJKPrMfFxEjJT0WEcdL+jVwQ1MDRcTfgb8XdftpQfNHwNcbGHZw\nA6PdsNlRm31BbbXVVvW6feMb3+C73/0uH3zwATvttFO98gMOOIADDjiAN954g913371O2fTp05uc\n5pNPPsmGG9bfPG+++Waee+45HnzwQSKCiRMncueddzJw4ECee+45Lr/8cs455xy+8Y1vcPXVV7PP\nPvtw0kkn8eKLL9KlSxfefvvtElMza78q9swe+DB/fyTpS6TfwfcvYzxm1k7cfPPN3HzzzYwZM4YN\nNtiAZ599lueeew6AIUOGMHr0aAA23HBD5syZA8DIkSPZe++9ueSSS+jYsZLPg8xarpLX6H9I6g38\nlnT5/DNKPAFvZpWhsTPx7t27N1ret2/fZp3JFxsxYgRXXXVVve4RwTHHHMOhhx5ap/ucOXPo0qVL\nbXuHDh1qL+PfcMMN3HnnnVx33XWceOKJPPHEEy2Ox6xSVeyZfURMiYi3I+IvwBBg/Yg4ptxxmVnl\nGD9+PB9//DFnn312bbfHH3+cnj17cv7557Nw4UIA5s2bx3/+858Gx7N48WJeeeUVtt56a04++WTe\neeed2mHNqkHFndlL+kpE/LPggbrCMiJiWjniMrPKI4lrrrmGyZMnc/LJJ9O1a1cGDx7MqaeeSu/e\nvdlss80AWGGFFbjkkkvo0KFDyfF89tln7LPPPrzzzjtEBEcccQS9e/duy6qYLVNq5FdnZSHpFxFx\nnKSLSxRHROzX5kEtgbFjx8aMGf4rfatezzzzDMOGDSt3GNaOlVqHJD0cEWPLFFLVqrgz+5zoOwDX\nRsTV5Y7HzMysvavIe/b5XfbHljsOMzOzalCRyT67WdJkSatK6lnzKXdQZmZm7U3FXcYvsE/+/mFB\ntwD8hhkzM7MWqNhkHxGrN92XmZmZNaVikz2ApHWB4dR9Ec5l5YvIzMys/anYe/aSjgPOBs4EdgRO\nJb2lzswMSP+AN3r0aNZbbz123nnnZv2n/WmnncawYcPYe++92yDCyjdjxgyOOOKIcodhy1jFJntg\nD2Br4NWI2BcYBSxf3pDMrJJ069aNmTNn8uSTT7LSSitxxhlnNDnMn/70J2655RYuvfTSZk1j0aJF\nrQ2zYi1atIixY8dy2mmnlTsUW8YqOdl/mH+Ct0hSD+A1YFCZYzKzCrXZZpsxb9682vZSr7g97LDD\neOGFF9hxxx055ZRTeP/99znwwAPZeOONGTNmDH/729+A9GrbiRMnMn78eLbZZpsGx9fYK3Nnz57N\ntttuy6hRo9hggw14/vnnGxxPsRtvvJENNtiAUaNG1U7/zTffZJdddmHkyJFsuummPP744yxevJjB\ngwfXuaIxdOhQXn/9da677jo22WQTxowZw7bbbsvrr78OwJQpU9h333358pe/zL777sv06dP52te+\nBsCDDz7IZpttxpgxY9h8882ZNWtW7fzYbbfd2GGHHRg6dChHHXVUo7E2NF+tfCr5nv2j+UU45wMz\ngHeBB8sbkpmVMnnyZGbOnLlUxzl69GhOPfXUZvX72Wefcdttt3HQQQcBDb/i9swzz+TGG2/kjjvu\noG/fvhzZOUuAAAAb9UlEQVR77LGMHz+e888/n7fffpuNN96YbbfdFoBHHnmExx9/nJVWWmmJXpm7\n9957c/TRR7Prrrvy0UcfsXjx4gbHs+WWW9bWZf78+Rx88MHceeedDBkyhDfffBOAn/3sZ4wZM4Zr\nr72W22+/nf3224+ZM2cyadIkrrnmGr71rW/xwAMPMGjQIFZZZRXGjRvH/fffjyTOPfdcfv3rX/O7\n3/0OgKeffpq7776bbt261XkB0brrrstdd91Fx44dufXWWzn22GO5+ur032YzZ87k0UcfpUuXLqyz\nzjp873vfo2vXriVjPfHEE0vO1+WX98XZcqnYZB8RNa+rOkPSTUDPiHiknDGZWWX58MMPGT16NPPm\nzWPYsGFst912QN1X3AIsXLiQ5557rk5Srelv2rRp/Pa3vwXgo48+4uWXXwZgu+22Y6WVVmp0fAMH\nDiz5ytz33nuPefPmseuuuwLQtWvXZsd1//33s+WWWzJkyBCA2hjuvvvu2sQ7fvx4FixYwLvvvsse\ne+zBCSecwLe+9S2mTp3KHnvsAcDcuXPZY489ePXVV/nkk09qxwcwceJEunXrVm9+vvPOO+y///48\n99xzSOLTTz+tLdtmm23o1asXAMOHD+ell17irbfeKhlrQ/PVf69cPhWb7CX9FZgKXBcRs8sdj5k1\nrLln4EtbzT37Dz74gAkTJnDGGWdwxBFHNPiK22IRwdVXX80666xTp/sDDzxQ5yx0SV6Z29D0mhNX\nS2y22WbMnj2b+fPnc+2113LccccB8L3vfY8jjzySiRMnMn36dKZMmVI7TENn2Mcffzxbb70111xz\nDXPmzGGrrbaqLSuuZ2PPMjQ0X618Kvme/RnAtsAsSVMl7SKpc7mDMrPK0717d0477TR+97vfsWjR\nIiZMmNCsV9xOmDCB008/nZoXgj366KMlx9/c8dXo0aMHAwYM4NprrwXg448/rj0gaWo8m266KXfe\neScvvvgiQO2l8S222KL2ocLp06fTt29fevbsiSR23XVXjjzySIYNG0afPn2AdJa+2mqrAXDhhRc2\nNQvrDXPBBRc02X9DsTZ3vlrbqdgz+4i4DbhNUkdgO+Ag4ALA7500s3rGjBnDyJEjufzyy9l33315\n5pln6r3iduWVV64zzPHHH8/kyZMZOXIkixcvZsiQIVx//fX1xr399tuXHF9Dr8wFuPjiizn00EP5\n6U9/SqdOnfjLX/7S4HgK4+rXrx9nn302u+22G4sXL2bllVfmlltuYcqUKRx44IGMHDmS7t2710ng\ne+yxBxtttFGdBD1lyhS+/vWvs+KKKzJ+/PjahNyYo446iv33359f/OIXfPWrX22y/4Zibe58tbZT\nca+4LSSpC/BV0s/wNgH+ERHfKW9UzeNX3Fq18yturbX8itu2U7Fn9pIuA74M3AKcC+yVf4pnZmZm\nLVCxyR64FNg/Ij5tsk8zMzNrUCUn+5uAQyTV/Cbln8A5EVG9f2dlZma2DFRysj+D9Pe45+f2fYAx\nwCFli8jM6ogIJJU7DGuHKvl5sWpUycl+04gYVdB+s6THyhaNmdXRtWtXFixYQJ8+fZzwrUUiggUL\nFtT+2ZAte5Wc7BdLGhwRcwAkDQYWlzMgM/vcgAEDmDt3LvPnzy93KNYOde3alQEDBpQ7jC+MSk72\nPwHukjQLELAW6bf2ZlYBOnXqVOcvWM2sclVsso+ImyWtDdT8CPOZiGj4fyjNzMyspIr9u1xJhwFd\nIuKR/AKcrpL8cJ6ZmVkLVWyyBw6LiNqXNEfEW0Cz/j1P0g6SZkmaLenoEuVdJF2Ryx/IzwMgqY+k\nOyQtlPTHomE2lPREHuY0+YkkMzNrJyo52df502lJywGdmhpIUgfSz/Z2BIYD35Q0vKi3g4C3ImIt\n4BTg5Nz9I+B44EclRv1n4GBgaP7s0OyamJmZlVElJ/tbJF0u6SuSvkL6R71bmzHcxsDsiHghIj4h\nvSZ3UlE/k4Cat0hcBWwjSRHxfkTcTUr6tSStCvSMiPsj/Tj0ImCXJa+amZlZ26nYB/SAH5Mu2/8g\nt98CnNWM4VYDXilon0t6iU7JfiJikaR3gD7AG42Mc27ROFcr7ik/U3AIwMCBA5sRqpmZ2bJXsck+\nv/Tmj/nTLkTE2cDZkN56V+ZwzMzMgMq+jL+k5gGrF7QPyN1K9iOpI9ALWNDEOAv//aHUOM3MzCpS\nNSb7h4ChkoZI6gzsCUwr6mcasH9u3h24PRr5o+aIeBV4V9Km+Sn8/YC/Lf3QzczMlr6KS/aSLsjf\nhy/J8PmteIeT3pr3DHBlRDwl6QRJE3Nv5wF9JM0GjgRqf54naQ7we+AASXMLnuT/LnAuMBt4HvjH\nksRnZmbW1lRpbx6S9DSwFemBvHGkv8qtFRHvliGsFhs7dmzMmDGj3GGYmbUrkh6OiLHljqPaVOID\neucC9wADgaeom+wjdzczM7NmqrjL+BHx+4gYClwUEQMjYvWCjxO9mZlZC1XimT0AEXGwpBHAFrnT\nnRHxdDljMjMza48q7sy+hqT/Bv5Cumw/EPiLpO+WNyozM7P2p2LP7IFDgY0jYiGApF8C9wJ/KmtU\nZmZm7UzFntmTHsz7pKD9U4qezDczM7OmVfKZ/cXAA5Kuzu278vnLa8zMzKyZKjbZR8SvJU0n/dYe\n0vvtHypjSGZmZu1SxSZ7gIh4EHiw3HGYmZm1Z5V8z97MzMyWAid7MzOzKlfRyV7SAElb5+YukpYv\nd0xmZmbtTcUme0kHkl5Fe27uNAi/VtbMzKzFKjbZA0cAmwLvAkTEv4CVyxqRmZlZO1TJyf6jiKj9\nUx1JHfCf6piZmbVYJSf7eyQdBXTN9+2vAK4vc0xmZmbtTiUn+6OA94Bnge8DtwH/U9aIzMzM2qFK\n/lOdTsBZEfFnAEnLAZ2Bj8oalZmZWTtTyWf2dwCFP7VbHri9TLGYmZm1W5Wc7LtFxHs1Lbm5exnj\nMTMza5cqOdl/IGlUTYuk0fgSvpmZWYtV8j37HwDXSHqJ9JO71YFvljckMzOz9qdik31EPCBpGDAs\nd3q68Hf3ZmZm1jwVm+yzIcAaQFdguCQi4rIyx2RmZtauVGyyl3QcsD2wLnATMAG4G3CyNzMza4FK\nfkBvD2Br4NWI2BcYRd2f4pmZmVkzVHKy/zAiPgMWSeoBvEZ6852ZmZm1QMVexgceldQbOB+YQXr7\n3YPlDcnMzKz9qcgze0kCpkTE2xFxBvBV4NCI2K+Zw+8gaZak2ZKOLlHeRdIVufwBSYMLyo7J3WdJ\nmlDQfY6kJyTNlDSj1ZU0MzNrIxV5Zh8RIekWYL3cPru5w+ZX4Z4BbAfMBR6SNC0ini7o7SDgrYhY\nS9KewMnAHpKGA3sCI4D+wK2S1s63EwC2jog3Wls/MzOztlSRZ/bZTEljlmC4jYHZEfFC/l3+VGBS\nUT+TgAtz81XANvlqwiRgakR8HBEvArPz+MzMzNqtikv2kmquNowhnZXPkvSIpEclPdKMUawGvFLQ\nPjd3K9lPRCwC3gH6NDFsADdLeljSIQ3EfoikGZJmzJ8/vxmhmpmZLXuVeBn/QWADYGK5AykyLiLm\nSVoZuEXSsxFxZ2EPEXE2cDbA2LFjoxxBmpmZFavEZC+AiHh+CYefR/of/RoDcrdS/czNVxJ6AQsa\nGzYiar7/I+ka0uX9OsnezMysElVisu8n6ciGCiPi900M/xAwVNIQUqLeE9irqJ9pwP7AfcDuwO35\nocBpwGWSfk96QG8o8KCk5YHlIuK93Lw9cMIS1M3MzKzNVWKy7wCsQD7Db6mIWCTpcNJf7HYAzo+I\npySdAMyIiGnAecDFkmYDb5IOCMj9XQk8DSwC/jsiPpO0CukNfJDm2WURcWOramlmZtZGFFFZt5Yl\nPRIRG5Q7jtYaO3ZszJjhn+ObmbWEpIcjYmy546g2Ffc0Pkt4Rm9mZmalVWKy36bcAZiZmVWTikv2\nEfFmuWMwMzOrJhWX7M3MzGzpcrI3MzOrck72ZmZmVc7J3szMrMo52ZuZmVU5J3szM7Mq52RvZmZW\n5ZzszczMqpyTvZmZWZVzsjczM6tyTvZmZmZVzsnezMysyjnZm5mZVTknezMzsyrnZG9mZlblnOzN\nzMyqnJO9mZlZlXOyNzMzq3JO9mZmZlXOyd7MzKzKOdmbmZlVOSd7MzOzKudkb2ZmVuWc7M3MzKqc\nk72ZmVmVc7I3MzOrclWZ7CXtIGmWpNmSji5R3kXSFbn8AUmDC8qOyd1nSZrQ3HGamZlVqqpL9pI6\nAGcAOwLDgW9KGl7U20HAWxGxFnAKcHIedjiwJzAC2AH4k6QOzRynmZlZRepY7gCWgY2B2RHxAoCk\nqcAk4OmCfiYBU3LzVcAfJSl3nxoRHwMvSpqdx0czxrnUnHXWWZx22mn1ut9777306tWL3//+95x3\n3nn1ymfOnEmnTp34xS9+weWXX16nrHPnzjz66KMAHHPMMUybNq1O+Yorrsjdd98NwBFHHMFtt91W\np3zAgAHcdNNNAHz729/m3nvvrVO+zjrrcM011wCw55578vjjj9cpHzNmDJdeeikAO++8M88//3yd\n8nHjxnH22WcDsM022/Dqq6/WKZ8wYQKnnHIKAJtuuinvvvtunfJdd92VE088EYCRI0eyaNGiOuX7\n7LMPxx57LB9//DFjxoyh2CGHHMLkyZN58803GTduXL3yH/zgBxx88MG88sorTJgwoV75cccdx157\n7cWzzz7LbrvtVq/8V7/6FZMmTeKRRx5hn332qVd+2mmnse2223LXXXdx6KGH1is/99xz2Xzzzbnx\nxhs58sgj65VffvnljBo1ir/+9a8cd9xx9cqnTZvGWmutxcUXX8yvfvWreuW33nor/fv356yzzuIP\nf/hDvfL77ruvdt0799xz65U/9thjdOrUiZ///Odcdtlldco6d+7MY489BsBPfvKTkutezfr0ve99\nj1tvvbVO+YABA7jlllsAOPDAA7nvvvvqlK+zzjpce+21QFr3aqZVY8yYMbUx7bzzzsyePbtO+bhx\n4zjnnHMAGD9+fMl179RTTwVgk002qbfu7bbbbrXr3vrrr19v3dt3331r171Ro0ZR7NBDD+UHP/gB\nb775Jptvvnm98iOPPJJDDjmEV155he22265e+fHHH8/ee+/Ns88+yy677FKv/KSTTmKXXXbhkUce\nYa+99qpXfvrpp7Pddttx1113cfDBB9crP++88/jyl7/MjTfeyOTJk+uVT506ldGjR3P11Vdz7LHH\nsuqqqzJ9+vR6/Vl5VWOyXw14paB9LrBJQ/1ExCJJ7wB9cvf7i4ZdLTc3NU4kHQIcAjBw4MAlrkDf\nvn0ZPrz+hYMOHToAsMoqq5QsT8cr8KUvfaleeadOnWqb+/fvX6+8Z8+etc2rr756vfKVV165tnnQ\noEH1dniDBg2qbV5zzTVZvHhxnfI11lijtnno0KF069atweHXXntt+vTpU6d89dVXr20eNmwY77//\nfp3yAQMG1DaPGDGCzz77rE75qquuCqR5tN5661FslVVWAaBjx44ly/v16wekxFWqfKWVVgKga9eu\nJct79+4NQPfu3UuW18z/Hj16lCxfYYUVAOjVq1fJ8pr52bt375LlXbp0AaBPnz4lyzt37gykepYq\nL1z3SpXXrHv9+/dn5MiRdcoK172BAwfWK+/Ro0dt86BBg+qVF657a6yxRr1lX7zuRUSd8jXXXLO2\nee2116Z79+51yocMGVLbvO6669Yu61LjHzFiRKPr3vrrr19v3evfvz+Q5tHo0aMpVrNuduzYsWR5\nzbrZuXPnkuV9+/YF0jpQqrxm3Vx++eVLlvfq1QtIy6FUec3y6d27d8ny5ZdfvnY6G2ywQb1t1yqD\nijeM9k7S7sAOEfHt3L4vsElEHF7Qz5O5n7m5/XlS8p4C3B8Rl+Tu5wH/yIM1Os5iY8eOjRkzZizt\n6pmZVTVJD0fE2HLHUW2q7p49MA9YvaB9QO5Wsh9JHYFewIJGhm3OOM3MzCpSNSb7h4ChkoZI6kx6\n4G5aUT/TgP1z8+7A7ZEucUwD9sxP6w8BhgIPNnOcZmZmFanq7tnne/CHAzcBHYDzI+IpSScAMyJi\nGnAecHF+AO9NUvIm93cl6cG7RcB/R8RnAKXG2dZ1MzMzWxJVd8++UvievZlZy/me/bJRjZfxzczM\nrICTvZmZWZVzsjczM6tyTvZmZmZVzg/oLSOS5gMvtWIUfYE3llI47cEXrb7gOn9RuM4tMygi+jXd\nm7WEk32FkjTji/RE6hetvuA6f1G4zlYJfBnfzMysyjnZm5mZVTkn+8p1drkDaGNftPqC6/xF4Tpb\n2fmevZmZWZXzmb2ZmVmVc7I3MzOrck72bUzSDpJmSZot6egS5V0kXZHLH5A0uKDsmNx9lqQJbRl3\nayxpnSVtJ+lhSU/k7/FtHfuSas1yzuUDJS2U9KO2irm1Wrluj5R0n6Sn8vLu2paxL6lWrNudJF2Y\n6/qMpGPaOvYl0Yz6binpEUmLJO1eVLa/pOfyZ//iYW0Ziwh/2uhDej3u88AaQGfgMWB4UT/fBc7M\nzXsCV+Tm4bn/LsCQPJ4O5a7TMq7zGKB/bl4PmFfu+izrOheUXwX8BfhRuevTBsu5I/A4MCq39/kC\nrNt7AVNzc3dgDjC43HVaCvUdDIwELgJ2L+i+EvBC/l4xN69Y7jp9kT4+s29bGwOzI+KFiPgEmApM\nKupnEnBhbr4K2EaScvepEfFxRLwIzM7jq3RLXOeIeDQi/p27PwV0k9SlTaJundYsZyTtArxIqnN7\n0Zo6bw88HhGPAUTEgoj4rI3ibo3W1DmA5SV1BLoBnwDvtk3YS6zJ+kbEnIh4HFhcNOwE4JaIeDMi\n3gJuAXZoi6AtcbJvW6sBrxS0z83dSvYTEYuAd0hnOs0ZthK1ps6F/gt4JCI+XkZxLk1LXGdJKwA/\nAf63DeJcmlqznNcGQtJN+RLwUW0Q79LQmjpfBbwPvAq8DPw2It5c1gG3Umv2Qe11/1U1OpY7ALOm\nSBoBnEw6A6x2U4BTImJhPtH/IugIjAM2Aj4AbpP0cETcVt6wlqmNgc+A/qTL2ndJujUiXihvWFat\nfGbftuYBqxe0D8jdSvaTL/H1AhY0c9hK1Jo6I2kAcA2wX0Q8v8yjXTpaU+dNgF9LmgNMBo6VdPiy\nDngpaE2d5wJ3RsQbEfEB8Hdgg2Ueceu1ps57ATdGxKcR8R/gHqDS/0u+Nfug9rr/qhpO9m3rIWCo\npCGSOpMe2JlW1M80oOZJ1d2B2yMicvc989O9Q4ChwINtFHdrLHGdJfUGbgCOjoh72izi1lviOkfE\nFhExOCIGA6cCv4yIP7ZV4K3QmnX7JmB9Sd1zQvwK8HQbxd0aranzy8B4AEnLA5sCz7ZJ1EuuOfVt\nyE3A9pJWlLQi6SrdTcsoTiul3E8IftE+wE7Av0hPtf5P7nYCMDE3dyU9hT2blMzXKBj2f/Jws4Ad\ny12XZV1n4DjSfc2ZBZ+Vy12fZb2cC8YxhXbyNH5r6wzsQ3og8Ung1+Wuy7KuM7BC7v4U6cDmx+Wu\ny1Kq70akKzXvk65gPFUw7IF5PswGvlXuunzRPv67XDMzsyrny/hmZmZVzsnezMysyjnZm5mZVTkn\nezMzsyrnZG9mZlblnOytXZD0JUlTJT2f34D3d0lrL8XxTyz1Fq9qIOlcScPLHceyIKm3pO8upXFd\nJWmNFvS/vqQLlsa0zZY1//TOKl5+cci9wIURcWbuNgroGRF3lTW4ZUxSx0j/qd5u5eWniCh+OcrS\nGPdg4PqIWK818eS/ZP5FROzawunfChwYES+3ZDiztuYze2sPtgY+rUn0ABHxWE2il/RjSQ9JelzS\n/+Zug/N7ws/J70i/WVK3XHaEpKdz/1NztwMk1funOklfkTQzfx6V1GMpTnMlSdfmbvdLGpm7T5F0\nsaR7gIuL4tlK0vR8FvqspEsL3pa3TY7xCUnnK78hMPc/VlIHSRdIejL384NcvqakG/MVk7skrVti\nPtTEdJ/S+8gPzt1XkHSb0gtsnpA0qWBezJJ0EemPclaX9GdJM/K8+d+Ccc+R9Ks8j2dI2kDppTjP\nSzqsoL968xw4CVgzD/ubJpZNnXiKqrg38LeCaS2U9Jsc662SNs7z8QVJEwuGu470T3Jmla3c/+rj\njz9NfYAjSC+HKVW2PXA2INLB6/XAlqT3ai8CRuf+rgT2yc3/Brrk5t75+wDgjyXGfx3w5dy8Auml\nLUtrmqcDP8vN44GZuXkK8DDQrUQ8W5HenDYgT/s+0ktkupLeKrZ27u8iYHJunk763/UNSa8ZpSiO\n24ChuXkT0l+6Fk93Cun95d2Avnla/fP86Jn76Uv6dzTlebEY2LRgHCvl7w45ppG5fQ7wndx8Cund\n9j2AfsDrzVjOTzZzfagTT1H9/gmsX9Ae5H+pJL2b4WagEzCqZjnlsi8D15V7G/HHn6Y+fuudtXfb\n58+juX0F0nsDXgZejIiZufvDpB0+pGRyqaRrgWubGP89wO8lXQr8NSLmSlpa0xxHenUvEXG7pD6S\neuayaRHxYQMxPRgRcwEkzczTeC9P+1+5nwuB/yb9v36NF4A1JJ1OeufAzUqv1N0c+Is+f8telwam\n+7cc04eS7iC9ue0G4JeStiQl09WAVXL/L0XE/QXDf0PSIaQDhFWB4Xm+wOf/sf4EsEJEvAe8J+lj\npXckNDbPCzXWX3E8hVYF5he0fwLcWBDTxxHxqaQn+HyZAvyHdNBjVtGc7K09eIr0EpFSBPwqIs6q\n0zHdy/24oNNnpLNSgK+SzvZ2Bv5H0voNTTgiTpJ0A+k/we+RNGFZTzN7v5Gy4mk0azuOiLeUnnWY\nABwGfIP0Zr23I2J0c0ZRon1v0hn4hjkZziFdZYCCOii9vOlHwEY5jgsK+ius02Lq1m8xqX6NzfM6\nnRrpr7F5+mFRPJ9GRE19a2OKiMVKL+up0TUPa1bRfM/e2oPbgS75rBAASSMlbUF6c9aB+QwVSatJ\nWrmhEUlaDlg9Iu4AfkJ65egKjfS/ZkQ8EREnk976te5SnOZdpGSJpK2ANyLi3SbnRmmzgMGS1srt\n+5IuTRfG0RdYLiKuJr1kaIM8vRclfT33o3xAUMokSV0l9SHdTngo1+U/OdFvDQxqYNiepGT7jqRV\ngB1bWL+G5vl7pEv+TfXXlGeAtZrsq761Sc8AmFU0n9lbxYuIkLQrcKqknwAfke7zTo6I5yQNA+7L\nl6EXkt6g9lkDo+sAXCKpF+ks8LSIeLvgEnaxyTmJLSZdYfhHRHy8lKY5BThf0uPAB3z+KtQWi4iP\nJH2LdDm+IykRn1nU22rA/+WDD4Bj8vfewJ8lHUe6Lz2VdH++2OPAHaR78z+PiH/n2xvX5cvbM2jg\nNa0R8ZikR3P5K6TbIy2p382l5nlEPC/pHklPkpbNj1u4bGrcQDqAubUlcZEeHr2hhcOYtTn/9M7M\nmpQPTBZGxG/LHcuyoPSriTtID2M2dWBQM0wX0tWTcdHOfx5p1c+X8c3sCy8/ePgz0tWP5hoIHO1E\nb+2Bz+zNzMyqnM/szczMqpyTvZmZWZVzsjczM6tyTvZmZmZVzsnezMysyv0/EbtF1HcFJZQAAAAA\nSUVORK5CYII=\n",
      "text/plain": [
       "<matplotlib.figure.Figure at 0x7f87d0575550>"
      ]
     },
     "metadata": {},
     "output_type": "display_data"
    }
   ],
   "source": [
    "plt.plot(noise_levels, [np.trace(x) for x in censi_covariances], color='black', linestyle='dashed', label='Censi')\n",
    "plt.axhline(y=np.trace(ref_cov), color='black', label='Reference covariance')\n",
    "plt.title('Covariance against sensor noise parameter on {}'.format(str(pair)))\n",
    "plt.xlabel('Censi sensor noise parameter (m)')\n",
    "plt.ylabel('Trace of covariance matrix')\n",
    "plt.legend()\n",
    "plt.show()"
   ]
  },
  {
   "cell_type": "code",
   "execution_count": null,
   "metadata": {},
   "outputs": [],
   "source": []
  },
  {
   "cell_type": "code",
   "execution_count": null,
   "metadata": {
    "collapsed": true
   },
   "outputs": [],
   "source": []
  }
 ],
 "metadata": {
  "kernelspec": {
   "display_name": "Python 3",
   "language": "python",
   "name": "python3"
  },
  "language_info": {
   "codemirror_mode": {
    "name": "ipython",
    "version": 3
   },
   "file_extension": ".py",
   "mimetype": "text/x-python",
   "name": "python",
   "nbconvert_exporter": "python",
   "pygments_lexer": "ipython3",
   "version": "3.5.2"
  }
 },
 "nbformat": 4,
 "nbformat_minor": 2
}
